EXCHANGE%3DNYSE
MARKET_OPEN_MINUTE=570
MARKET_CLOSE_MINUTE=960
INTERVAL=604800
COLUMNS=DATE,CLOSE,HIGH,LOW,OPEN,VOLUME,CDAYS
DATA=
TIMEZONE_OFFSET=-300
a252968400,0.9964,1.0328,0.9964,0.0000,37011360,5
1,0.9678,0.9912,0.96,0.0000,34512912,5
2,0.9548,0.973,0.9548,0.0000,30154944,5
3,0.9418,0.9678,0.9366,0.0000,30505728,5
4,0.9756,0.9834,0.9444,0.0000,22097136,5
5,0.9886,0.999,0.9704,0.0000,20737536,5
6,0.9366,0.986,0.9366,0.0000,33854592,5
7,0.9444,0.9522,0.921,0.0000,27176016,5
8,0.9314,0.9522,0.908,0.0000,23476272,5
9,0.9678,0.9704,0.9288,0.0000,26330256,5
10,0.9808,0.986,0.9626,0.0000,24023952,5
a259534800,0.9678,0.9964,0.9652,0.0000,22193232,5
a260226000,0.9704,0.986,0.9652,0.0000,18315792,5
1,0.9756,0.9808,0.9548,0.0000,21328560,5
2,1.0042,1.0042,0.9678,0.0000,37933920,5
3,1.0406,1.0588,1.0172,0.0000,61535136,5
4,1.0875,1.1135,1.0354,0.0000,61328640,5
TIMEZONE_OFFSET=-240
a263246400,1.0536,1.1083,1.038,0.0000,44454048,5
1,1.1057,1.1109,1.051,0.0000,34200624,5
2,1.1031,1.1395,1.0927,0.0000,34263216,5
3,1.0901,1.1239,1.0823,0.0000,29030592,5
4,1.0953,1.1109,1.0797,0.0000,24538128,5
5,1.0849,1.1421,1.0823,0.0000,31706976,5
6,1.0641,1.1161,1.0614,0.0000,28271424,5
7,1.0433,1.0745,1.038,0.0000,21842592,5
8,1.051,1.051,1.025,0.0000,27320112,5
9,1.0536,1.0536,1.038,0.0000,23610816,5
10,1.1135,1.1135,1.0485,0.0000,36362832,5
11,1.0901,1.1265,1.0823,0.0000,24672720,5
12,1.1135,1.1343,1.0719,0.0000,23341776,5
13,1.1551,1.1785,1.1083,0.0000,46774704,5
14,1.1681,1.1837,1.1473,0.0000,36228192,5
15,1.1759,1.1993,1.1447,0.0000,29112240,5
16,1.1733,1.1837,1.1395,0.0000,27891792,5
17,1.1239,1.1707,1.1239,0.0000,31620384,5
18,1.1395,1.1395,1.1161,0.0000,45900432,5
19,1.1057,1.1499,1.0953,0.0000,35877456,5
20,1.0927,1.1187,1.0771,0.0000,42383184,5
21,1.1005,1.1187,1.0797,0.0000,31106304,5
22,1.0927,1.1161,1.0901,0.0000,29837808,5
23,1.1031,1.1213,1.0953,0.0000,23927856,5
24,1.0354,1.1031,1.0328,0.0000,34983696,5
25,0.9938,1.038,0.9912,0.0000,47865552,5
TIMEZONE_OFFSET=-300
a278974800,0.999,1.0614,0.9574,0.0000,49436592,5
1,1.0094,1.025,0.986,0.0000,28944192,5
2,1.0354,1.0354,0.973,0.0000,28035984,5
3,1.0354,1.0459,1.0198,0.0000,13929120,5
4,1.0042,1.0354,0.9704,0.0000,18782064,5
5,1.0042,1.0302,0.999,0.0000,22515264,5
6,0.9782,1.0198,0.9756,0.0000,15822192,5
7,0.9886,0.9912,0.9522,0.0000,22697760,5
8,0.9808,1.0016,0.973,0.0000,17412528,5
9,1.0198,1.0276,0.973,0.0000,26191008,5
10,1.025,1.0406,1.0094,0.0000,22933200,5
11,1.0328,1.0459,1.012,0.0000,23663616,5
12,1.038,1.0485,1.0172,0.0000,31721280,5
13,0.9964,1.0406,0.9912,0.0000,24835968,5
14,0.9626,0.9912,0.9574,0.0000,31740480,5
15,0.9756,0.9808,0.96,0.0000,29886000,5
16,0.973,1.0276,0.9704,0.0000,26488944,5
17,0.9548,0.9808,0.947,0.0000,25657824,5
18,0.973,0.9834,0.9574,0.0000,43545888,5
19,0.999,0.999,0.9522,0.0000,26013072,5
20,1.0146,1.0276,0.9938,0.0000,28766448,5
21,0.999,1.0328,0.9938,0.0000,29592816,5
22,0.9938,1.0068,0.9756,0.0000,35483328,5
a292798800,1.0094,1.0146,0.9886,0.0000,21756144,5
a293490000,0.999,1.0094,0.9938,0.0000,24384432,5
1,1.0198,1.0354,0.9938,0.0000,28833648,5
TIMEZONE_OFFSET=-240
a294696000,1.0354,1.0485,1.012,0.0000,25018560,5
1,1.0224,1.0276,1.0094,0.0000,28828896,5
2,1.0354,1.0433,1.0094,0.0000,25263696,5
3,1.0328,1.0745,1.0302,0.0000,24600528,5
4,1.0224,1.038,1.0146,0.0000,27209712,5
5,1.0433,1.0562,1.0198,0.0000,26450544,5
6,1.0302,1.0406,1.025,0.0000,28093680,5
7,1.025,1.0302,0.999,0.0000,25225248,5
8,1.0406,1.051,1.0224,0.0000,23408976,5
9,1.0433,1.0485,1.0328,0.0000,28776096,5
10,1.0459,1.0693,1.0224,0.0000,27079872,5
11,1.0459,1.0641,1.0354,0.0000,31389840,5
12,1.0719,1.0771,1.038,0.0000,26536896,5
13,1.0667,1.0823,1.0614,0.0000,23375376,5
14,1.1239,1.1239,1.0667,0.0000,32369760,5
15,1.1395,1.1473,1.1265,0.0000,38414352,5
16,1.1083,1.1811,1.1005,0.0000,20550096,5
17,1.1083,1.2045,1.0901,0.0000,20002368,5
18,1.0849,1.1109,1.0771,0.0000,22601712,5
19,1.0667,1.0875,1.0588,0.0000,25157952,5
20,1.0667,1.0745,1.0433,0.0000,44170608,5
21,1.0562,1.0771,1.051,0.0000,27916032,5
22,1.0797,1.0875,1.0433,0.0000,33893232,5
23,1.0146,1.0797,0.9886,0.0000,41277984,5
24,0.9756,1.012,0.9756,0.0000,29319024,5
25,0.9938,0.9964,0.9574,0.0000,28089024,5
TIMEZONE_OFFSET=-300
a310424400,1.0042,1.0198,0.9938,0.0000,18186192,5
1,0.973,1.0016,0.9652,0.0000,21967632,5
2,0.9626,0.9938,0.9626,0.0000,28036032,5
3,0.9782,0.9808,0.9366,0.0000,27440304,5
4,0.96,0.9938,0.9574,0.0000,47125584,5
5,0.9756,0.986,0.9522,0.0000,36876912,5
6,1.0042,1.025,0.9574,0.0000,46380816,5
7,1.0459,1.0459,1.012,0.0000,51349008,5
8,1.0588,1.0614,1.0406,0.0000,17095440,5
9,1.0614,1.0641,0.9964,0.0000,26604192,5
10,1.1265,1.1551,1.0536,0.0000,62308800,5
11,1.1135,1.1343,1.0953,0.0000,49989168,5
12,1.1421,1.1525,1.1057,0.0000,47159088,5
13,1.1629,1.1967,1.1265,0.0000,43118208,5
14,1.1395,1.1733,0.8689,0.0000,43944720,5
15,1.0953,1.1525,1.0719,0.0000,53506320,5
16,1.0536,1.0927,1.0536,0.0000,35281680,5
17,1.0459,1.0614,1.0172,0.0000,38889984,5
18,1.012,1.0562,1.0016,0.0000,41638512,5
19,0.9964,1.0276,0.9938,0.0000,42666672,5
20,0.9626,0.9938,0.9496,0.0000,49335792,5
21,0.9938,0.9938,0.9158,0.0000,51031824,5
a323643600,1.0068,1.0146,0.9756,0.0000,22933296,5
a324334800,0.9886,1.0016,0.9522,0.0000,37328592,5
1,0.9314,0.9964,0.9314,0.0000,28646400,5
2,0.9782,0.9808,0.9262,0.0000,32437200,5
TIMEZONE_OFFSET=-240
a326145600,0.9548,0.9912,0.9522,0.0000,27887184,5
1,0.9756,0.9964,0.9522,0.0000,33585696,5
2,0.9782,0.9912,0.9574,0.0000,30520128,5
3,1.0328,1.0328,0.973,0.0000,39332160,5
4,1.0302,1.0459,0.9964,0.0000,36727872,5
5,1.0536,1.0588,0.9288,0.0000,40696752,5
6,1.0354,1.0588,1.0302,0.0000,37222704,5
7,1.0433,1.0588,1.0302,0.0000,61895472,5
8,1.0771,1.0823,1.0406,0.0000,42546432,5
a331502400,1.1109,1.1135,1.0641,0.0000,35440272,5
a332193600,1.1187,1.1265,1.0953,0.0000,30822768,5
1,1.1525,1.1629,1.1109,0.0000,38015616,5
2,1.1239,1.1577,1.1187,0.0000,33191616,5
3,1.1655,1.1707,1.1213,0.0000,31212000,5
4,1.1733,1.1811,1.1447,0.0000,53544672,5
5,1.1993,1.2098,1.1733,0.0000,56576496,5
6,1.1785,1.1941,1.1655,0.0000,42234288,5
7,1.1343,1.1759,1.1239,0.0000,47591616,5
8,1.1265,1.1629,1.1187,0.0000,33302112,5
9,1.1161,1.1265,1.0849,0.0000,49076304,5
10,1.1343,1.1499,1.0979,0.0000,59618112,5
11,1.1161,1.1603,1.1161,0.0000,42748368,5
12,1.1187,1.1265,1.0849,0.0000,40672608,5
13,1.1135,1.1603,1.1031,0.0000,55360992,5
14,1.1187,1.1473,1.1135,0.0000,43651728,5
15,1.0875,1.1265,1.0771,0.0000,42258144,5
TIMEZONE_OFFSET=-300
a341874000,1.1265,1.1291,1.0719,0.0000,40336272,5
1,1.1343,1.1993,1.1239,0.0000,52093776,5
2,1.2124,1.215,1.1343,0.0000,55116096,5
3,1.2956,1.3086,1.1941,0.0000,105042720,5
4,1.2878,1.3112,1.2826,0.0000,49566384,5
5,1.2306,1.28,1.2098,0.0000,52425216,5
6,1.1915,1.2253,1.1551,0.0000,45121872,5
7,1.2071,1.215,1.1837,0.0000,33129072,5
8,1.2644,1.267,1.215,0.0000,29833056,5
9,1.2878,1.2904,1.2436,0.0000,16821600,5
10,1.3164,1.3424,1.2852,0.0000,83286528,5
11,1.2696,1.3346,1.2644,0.0000,54712272,5
12,1.2618,1.2774,1.2306,0.0000,39202416,5
13,1.2748,1.3086,1.2592,0.0000,37448736,5
14,1.2904,1.2956,1.2462,0.0000,42575424,5
15,1.2774,1.3216,1.2722,0.0000,38909088,5
16,1.3164,1.319,1.2722,0.0000,23692608,5
17,1.3892,1.4101,1.3086,0.0000,75080016,5
18,1.3528,1.3763,1.3528,0.0000,48831264,5
19,1.3944,1.4153,1.3528,0.0000,61270896,5
20,1.3918,1.4387,1.3918,0.0000,49695984,5
21,1.3606,1.4023,1.3554,0.0000,53319024,5
22,1.3971,1.4309,1.3606,0.0000,37501488,5
23,1.384,1.3997,1.3554,0.0000,35233440,5
a356302800,1.371,1.3918,1.358,0.0000,26517696,5
a356994000,1.4257,1.4413,1.371,0.0000,45626400,5
TIMEZONE_OFFSET=-240
a357595200,1.358,1.4543,1.3554,0.0000,43272144,5
1,1.3268,1.3502,1.3216,0.0000,47038992,5
2,1.345,1.3476,1.2956,0.0000,52103184,5
3,1.3606,1.3736,1.345,0.0000,42738720,5
4,1.3684,1.3892,1.3632,0.0000,27084672,5
5,1.3736,1.3892,1.3606,0.0000,48499776,5
6,1.3789,1.3918,1.3606,0.0000,50243760,5
7,1.345,1.3866,1.3424,0.0000,44406000,5
8,1.3294,1.3528,1.3294,0.0000,36079248,5
a362952000,1.2592,1.332,1.254,0.0000,34565664,5
a363643200,1.319,1.3216,1.2566,0.0000,38260608,5
1,1.2878,1.3268,1.2826,0.0000,33787344,5
2,1.2436,1.28,1.2306,0.0000,41465376,5
3,1.2696,1.2696,1.2384,0.0000,41576016,5
4,1.2488,1.2722,1.2358,0.0000,29400624,5
5,1.2098,1.2774,1.2019,0.0000,34008288,5
6,1.1915,1.215,1.1863,0.0000,32691936,5
7,1.1785,1.1889,1.1499,0.0000,45290160,5
8,1.1551,1.1889,1.1499,0.0000,41470320,5
9,1.1395,1.1525,1.1161,0.0000,68511696,5
10,1.0823,1.1525,1.0719,0.0000,45530256,5
11,1.0849,1.1343,1.0641,0.0000,51603552,5
12,1.1681,1.1759,1.0693,0.0000,42633120,5
13,1.1811,1.2019,1.1629,0.0000,33153168,5
14,1.1603,1.1811,1.1525,0.0000,31120800,5
15,1.1187,1.1603,1.1161,0.0000,29612016,5
TIMEZONE_OFFSET=-300
a373323600,1.1291,1.1317,1.1057,0.0000,31884528,5
1,1.1499,1.1785,1.1447,0.0000,46525008,5
2,1.1759,1.1993,1.1499,0.0000,40826352,5
3,1.1863,1.1915,1.1499,0.0000,31913424,5
4,1.2514,1.254,1.1941,0.0000,38952624,5
5,1.2462,1.2566,1.2227,0.0000,50834784,5
6,1.241,1.254,1.2306,0.0000,48643920,5
7,1.2201,1.2306,1.2071,0.0000,35886960,5
a378075600,1.2071,1.2253,1.1993,0.0000,26099712,5
1,1.1941,1.2098,1.1863,0.0000,15053424,5
a379371600,1.1993,1.2201,1.1863,0.0000,38203008,5
1,1.1655,1.2175,1.1447,0.0000,42887856,5
2,1.2279,1.2488,1.1603,0.0000,49710432,5
3,1.3008,1.3034,1.2124,0.0000,65085936,5
4,1.3112,1.3268,1.2748,0.0000,59329680,5
5,1.2488,1.306,1.241,0.0000,50820288,5
6,1.2774,1.2878,1.2253,0.0000,46054128,5
7,1.3086,1.3138,1.2592,0.0000,58748352,5
8,1.254,1.3268,1.2514,0.0000,76487712,5
9,1.2332,1.2774,1.2332,0.0000,75267264,5
10,1.2488,1.2618,1.2279,0.0000,44194656,5
11,1.28,1.2982,1.2514,0.0000,56019264,5
12,1.3372,1.345,1.28,0.0000,51070176,5
a387147600,1.3372,1.3502,1.3242,0.0000,31577136,5
a387838800,1.3294,1.3424,1.3112,0.0000,36324432,5
1,1.3528,1.358,1.3138,0.0000,44953680,5
TIMEZONE_OFFSET=-240
a389044800,1.3346,1.3815,1.332,0.0000,51079920,5
1,1.358,1.3789,1.332,0.0000,51324912,5
2,1.3034,1.3554,1.3008,0.0000,48773616,5
3,1.3034,1.306,1.2878,0.0000,45919488,5
4,1.2878,1.3112,1.28,0.0000,47269632,5
5,1.2618,1.293,1.2592,0.0000,52583856,5
6,1.2904,1.293,1.2488,0.0000,76752000,5
7,1.2592,1.2852,1.254,0.0000,39192768,5
8,1.2982,1.3294,1.254,0.0000,45299616,5
9,1.3216,1.3372,1.293,0.0000,62899776,5
10,1.371,1.3763,1.3086,0.0000,54457632,5
11,1.4439,1.4465,1.384,0.0000,81268560,5
12,1.4023,1.4543,1.3971,0.0000,56278704,5
13,1.3684,1.4127,1.358,0.0000,67348896,5
14,1.3398,1.4231,1.3372,0.0000,71120688,5
15,1.332,1.358,1.3086,0.0000,82383216,5
16,1.4569,1.4595,1.332,0.0000,127034208,5
17,1.5089,1.5401,1.4439,0.0000,164353056,5
18,1.626,1.652,1.4855,0.0000,140948928,5
19,1.5505,1.6156,1.5297,0.0000,78231696,5
20,1.5766,1.6078,1.5401,0.0000,67584288,5
21,1.5792,1.6442,1.5609,0.0000,86203104,5
22,1.5974,1.6078,1.548,0.0000,70904592,5
23,1.7119,1.7222,1.5662,0.0000,115858320,5
24,1.6598,1.7613,1.6546,0.0000,97580784,5
25,1.7743,1.8029,1.6936,0.0000,95836704,5
26,1.7873,1.8055,1.7014,0.0000,75767040,5
TIMEZONE_OFFSET=-300
a405378000,1.9122,1.9616,1.7717,0.0000,86188608,5
1,1.8861,1.9304,1.8471,0.0000,80148960,5
2,1.8835,1.907,1.7951,0.0000,80931984,5
3,1.8419,1.8887,1.8159,0.0000,46332720,5
4,1.907,1.9408,1.8367,0.0000,93453456,5
5,1.9512,2.0709,1.907,0.0000,86539248,5
6,1.9278,2.0084,1.8966,0.0000,70986096,5
a409525200,2.037,2.0475,1.9304,0.0000,46529712,5
a410216400,1.9746,2.0813,1.9616,0.0000,38303904,5
1,2.011,2.0526,1.8966,0.0000,74512848,5
2,2.0032,2.0813,1.9876,0.0000,82301376,5
3,1.9538,2.024,1.9512,0.0000,59454624,5
4,2.0735,2.0969,1.8887,0.0000,127481088,5
5,2.0917,2.1567,2.0657,0.0000,108285888,5
6,2.1385,2.1749,2.0995,0.0000,76463712,5
7,2.1593,2.1827,2.0891,0.0000,56739936,5
8,2.2608,2.2686,2.1541,0.0000,72624576,5
9,2.2608,2.3154,2.2061,0.0000,106642608,5
10,2.1333,2.2634,2.1125,0.0000,58897440,5
11,2.1203,2.1723,2.1125,0.0000,49926720,5
12,2.1853,2.2217,2.1125,0.0000,73523088,5
a417992400,2.1853,2.2374,2.1593,0.0000,33840288,5
a418683600,2.1957,2.1957,2.1385,0.0000,50205360,5
1,2.2634,2.2686,2.2009,0.0000,58315872,5
2,2.2712,2.3466,2.2634,0.0000,59781360,5
TIMEZONE_OFFSET=-240
a420494400,2.3284,2.3336,2.2348,0.0000,61621632,5
1,2.3206,2.344,2.2556,0.0000,82993440,5
2,2.2868,2.3258,2.2478,0.0000,48865008,5
3,2.1853,2.279,2.1697,0.0000,78385584,5
4,2.1671,2.2269,2.1567,0.0000,81100224,5
5,2.279,4.3758,2.1853,0.0000,46013184,5
6,2.253,2.3414,2.2478,0.0000,64951416,5
7,2.3622,2.4039,2.2582,0.0000,84603096,5
8,2.3102,2.3987,2.2998,0.0000,57722520,5
9,2.2686,2.3102,2.1749,0.0000,73258800,5
10,2.2165,2.2582,2.1957,0.0000,27644496,5
11,2.1073,2.2634,2.1021,0.0000,57256392,5
12,2.2269,2.2582,2.0604,0.0000,74921304,5
13,2.0761,2.279,2.0396,0.0000,77374200,5
14,2.0084,2.0865,1.9148,0.0000,98061288,5
15,2.0449,2.0761,1.9616,0.0000,65222832,5
16,1.9824,2.0917,1.9616,0.0000,88439592,5
17,2.0084,2.0136,1.946,0.0000,70952568,5
18,2.1125,2.1333,1.9876,0.0000,60160920,5
19,2.1333,2.1645,2.1073,0.0000,46140600,5
20,2.0813,2.1697,2.0396,0.0000,59702016,5
21,2.1697,2.1853,2.0761,0.0000,68759280,5
22,2.1957,2.2217,2.1541,0.0000,46190904,5
23,2.331,2.3362,2.1749,0.0000,84689424,5
24,2.2114,2.331,2.1749,0.0000,55483488,5
25,2.1905,2.2686,2.1749,0.0000,48663024,5
26,2.1645,2.2061,2.1177,0.0000,57924432,5
TIMEZONE_OFFSET=-300
a436827600,2.1593,2.1853,2.1229,0.0000,45205992,5
1,2.2894,2.3102,2.1281,0.0000,60723120,5
2,2.3102,2.3518,2.2582,0.0000,69604776,5
3,2.3518,2.3674,2.2894,0.0000,48290616,5
4,2.3726,2.4195,2.331,0.0000,70092504,5
5,2.3934,2.4507,2.3622,0.0000,62253624,5
6,2.3154,2.4195,2.2894,0.0000,58577688,5
7,2.4247,2.4403,2.3206,0.0000,54642624,5
8,2.4403,2.4507,2.4039,0.0000,25660080,5
9,2.4143,2.4559,2.3882,0.0000,50964600,5
10,2.3779,2.4299,2.3622,0.0000,53780208,5
11,2.331,2.3934,2.3206,0.0000,42546480,5
12,2.2374,2.3362,2.2217,0.0000,66097152,5
13,2.2686,2.331,2.2165,0.0000,67618008,5
14,2.2269,2.2738,2.1905,0.0000,95360808,5
15,2.1957,2.2478,1.998,0.0000,65450952,5
16,2.2374,2.2478,2.1229,0.0000,77282880,5
17,2.1749,2.2478,2.1229,0.0000,67380216,5
18,2.0552,2.1957,2.0292,0.0000,63442704,5
19,2.2217,2.253,2.05,0.0000,115687704,5
20,2.1697,2.2165,2.1437,0.0000,45648024,5
21,2.2842,2.3102,2.1593,0.0000,55156800,5
22,2.1489,2.305,2.1333,0.0000,61698504,5
23,2.2217,2.2686,2.1333,0.0000,72557496,5
a451256400,2.2686,2.2998,2.2114,0.0000,50051688,5
a451947600,2.305,2.3414,2.2269,0.0000,65436624,5
TIMEZONE_OFFSET=-240
a452548800,2.2686,2.3518,2.2217,0.0000,52098504,5
1,2.2634,2.305,2.2322,0.0000,56192208,5
2,2.2269,2.2686,2.1957,0.0000,48312408,5
3,2.1749,2.2478,2.1385,0.0000,60790368,5
4,2.2165,2.2165,2.1021,0.0000,65220408,5
5,2.2217,2.2426,2.1801,0.0000,50039688,5
6,2.1957,2.2269,2.1749,0.0000,43646880,5
7,2.253,2.2686,2.1749,0.0000,79466592,5
8,2.1853,2.253,2.1801,0.0000,38892504,5
9,2.1645,2.2061,2.1593,0.0000,29237304,5
10,2.1073,2.1905,2.05,0.0000,89129208,5
11,2.0449,2.1229,2.0136,0.0000,65744184,5
12,2.1385,2.1437,2.0084,0.0000,73414920,5
13,2.3622,2.3726,2.1333,0.0000,106140624,5
14,2.4039,2.4715,2.3206,0.0000,130330416,5
15,2.3882,2.4299,2.357,0.0000,66109296,5
16,2.4195,2.4507,2.3726,0.0000,75478632,5
17,2.357,2.4143,2.3206,0.0000,33712896,5
18,2.3206,2.3674,2.3102,0.0000,42546480,5
19,2.4351,2.4715,2.2998,0.0000,84610152,5
20,2.2998,2.4611,2.2894,0.0000,95807712,5
21,2.3206,2.3882,2.2894,0.0000,104377272,5
22,2.2426,2.3102,2.2269,0.0000,53131488,5
23,2.3206,2.331,2.2165,0.0000,55517112,5
24,2.4351,2.4507,2.3102,0.0000,86068488,5
25,2.3622,2.4455,2.357,0.0000,51459504,5
TIMEZONE_OFFSET=-300
a468277200,2.383,2.4455,2.3518,0.0000,56478096,5
1,2.4039,2.4507,2.3726,0.0000,69626424,5
2,2.3466,2.4143,2.331,0.0000,47509896,5
3,2.3934,2.4195,2.3362,0.0000,52523688,5
4,2.305,2.3987,2.2894,0.0000,89556720,5
5,2.2374,2.3206,2.2322,0.0000,61655328,5
6,2.279,2.3258,2.2061,0.0000,45835392,5
7,2.3466,2.3882,2.2582,0.0000,84350712,5
8,2.3518,2.383,2.3466,0.0000,23675616,5
9,2.331,2.3674,2.3154,0.0000,34306224,5
10,2.4143,2.4455,2.3362,0.0000,68977704,5
11,2.5183,2.5339,2.4039,0.0000,98412096,5
12,2.6536,2.6848,2.5391,0.0000,121876392,5
13,2.6172,2.716,2.6016,0.0000,79656384,5
14,2.6692,2.6952,2.5912,0.0000,78652200,5
15,2.6276,2.716,2.6068,0.0000,60045672,5
16,2.5964,2.6796,2.586,0.0000,50068488,5
17,2.6692,2.7004,2.5495,0.0000,71882400,5
18,2.6016,2.6952,2.6016,0.0000,74493696,5
19,2.5495,2.6536,2.5495,0.0000,64552488,5
20,2.5756,2.6224,2.5287,0.0000,63966288,5
21,2.4611,2.5495,2.4299,0.0000,146772408,5
a481496400,2.5079,2.5287,2.4455,0.0000,57448680,5
a482187600,2.4819,2.5079,2.4611,0.0000,57600024,5
1,2.4507,2.4871,2.4403,0.0000,58813224,5
2,2.5027,2.5547,2.4299,0.0000,56670312,5
TIMEZONE_OFFSET=-240
a483998400,2.4403,2.4975,2.4143,0.0000,61254120,5
1,2.5183,2.5287,2.4299,0.0000,77242008,5
2,2.4871,2.5339,2.4403,0.0000,106469688,5
3,2.5183,2.5704,2.5027,0.0000,89285184,5
4,2.5235,2.5391,2.4871,0.0000,45886008,5
5,2.5652,2.612,2.5287,0.0000,84970584,5
6,2.4923,2.586,2.4611,0.0000,71002968,5
7,2.5131,2.5287,2.4715,0.0000,65242104,5
8,2.5756,2.5964,2.4975,0.0000,60348288,5
9,2.5704,2.6172,2.5444,0.0000,32057616,5
10,2.5287,2.5704,2.5131,0.0000,46902072,5
11,2.612,2.6484,2.5079,0.0000,76401216,5
12,2.6588,2.6744,2.5912,0.0000,74332704,5
13,2.6692,2.6848,2.638,0.0000,54181416,5
14,2.5652,2.6744,2.5652,0.0000,40468416,5
15,2.5079,2.5704,2.4923,0.0000,52273800,5
16,2.4975,2.5652,2.4975,0.0000,37186800,5
17,2.5391,2.5756,2.4871,0.0000,44864784,5
18,2.5444,2.5547,2.4871,0.0000,49902696,5
19,2.4975,2.5808,2.4715,0.0000,56478072,5
20,2.4507,2.4975,2.4455,0.0000,88939272,5
21,2.3779,2.4923,2.3622,0.0000,63202416,5
22,2.3674,2.4455,2.3414,0.0000,66387888,5
23,2.4351,2.4559,2.3518,0.0000,49636080,5
24,2.4923,2.5808,2.4507,0.0000,106745880,5
25,2.4507,2.5027,2.4403,0.0000,45684192,5
TIMEZONE_OFFSET=-300
a499726800,2.4975,2.4975,2.3934,0.0000,70628088,5
1,2.5495,2.5599,2.4715,0.0000,60259512,5
2,2.664,2.6952,2.5495,0.0000,104394000,5
3,2.7421,2.7785,2.664,0.0000,91336896,5
4,2.7317,2.7681,2.6796,0.0000,53573592,5
5,2.7212,2.7837,2.6796,0.0000,73701000,5
6,2.9554,2.9814,2.7264,0.0000,174767496,5
7,2.9658,3.0751,2.8982,0.0000,127572408,5
8,2.9866,2.997,2.8721,0.0000,38227104,5
9,2.9866,3.0334,2.9658,0.0000,45907488,5
10,2.9034,3.0855,2.8721,0.0000,87697320,5
11,2.8669,2.9398,2.8149,0.0000,76091376,5
12,2.8617,2.8982,2.7681,0.0000,46493712,5
13,2.9502,2.971,2.8149,0.0000,71238480,5
14,3.1011,3.1219,2.9554,0.0000,83096712,5
15,3.1167,3.1219,2.9918,0.0000,62078208,5
16,3.2468,3.2468,3.0959,0.0000,63937512,5
17,3.2259,3.2832,3.1115,0.0000,91363416,5
18,3.0907,3.2259,3.0647,0.0000,84821592,5
19,3.252,3.2572,3.0751,0.0000,91762104,5
20,3.1635,3.2884,3.1531,0.0000,102918936,5
a512341200,3.2468,3.304,3.1375,0.0000,73134000,5
a513032400,3.0699,3.304,3.0282,0.0000,97059504,5
1,3.1271,3.1947,2.9762,0.0000,94311120,5
2,3.2155,3.2988,3.1115,0.0000,78068400,5
3,3.3196,3.4237,3.2155,0.0000,75442800,5
TIMEZONE_OFFSET=-240
a515448000,3.1999,3.4341,3.1739,0.0000,96163392,5
1,3.1999,3.2832,3.1479,0.0000,87473904,5
2,3.1479,3.2259,3.1271,0.0000,82969392,5
3,3.3248,3.3352,3.1479,0.0000,79827000,5
4,3.3196,3.3977,3.3092,0.0000,71940000,5
5,3.4029,3.4185,3.2988,0.0000,85830696,5
6,3.4029,3.4185,3.2884,0.0000,82215000,5
7,3.3716,3.4393,3.33,0.0000,96127272,5
8,3.356,3.4133,3.33,0.0000,84838608,5
a520804800,3.3404,3.4341,3.3352,0.0000,58647408,5
a521496000,3.1739,3.3352,3.1011,0.0000,114890160,5
1,3.1479,3.2104,3.1219,0.0000,106683432,5
2,3.0959,3.1583,3.0386,0.0000,70954992,5
3,2.997,3.0959,2.9658,0.0000,72168216,5
4,3.049,3.0907,2.971,0.0000,63348960,5
5,3.1999,3.2259,3.049,0.0000,85777800,5
6,3.1219,3.2051,3.1115,0.0000,57035400,5
7,3.2728,3.304,3.0907,0.0000,80708712,5
8,3.2259,3.304,3.1323,0.0000,90356712,5
9,2.9866,3.3196,2.9762,0.0000,132711000,5
10,2.9606,3.0594,2.9554,0.0000,95911176,5
11,3.0178,3.0647,2.9762,0.0000,100052880,5
12,2.9606,3.0751,2.9398,0.0000,78866088,5
13,3.0751,3.1115,2.945,0.0000,89587992,5
14,3.1947,3.2207,3.0699,0.0000,86916528,5
15,3.1791,3.2259,3.1271,0.0000,74121384,5
TIMEZONE_OFFSET=-300
a531176400,3.1739,3.2259,3.1427,0.0000,69871392,5
1,3.2468,3.2936,3.1947,0.0000,88557264,5
2,3.1999,3.304,3.1583,0.0000,72847992,5
3,3.2884,3.3092,3.1063,0.0000,114582480,5
4,3.4549,3.4913,3.2936,0.0000,116463624,5
5,3.6006,3.6942,3.3924,0.0000,206998200,5
6,3.5121,3.6734,3.5069,0.0000,86827608,5
7,3.6526,3.6734,3.4913,0.0000,153941088,5
8,3.6526,3.6838,3.5902,0.0000,66904488,5
9,3.637,3.6682,3.5694,0.0000,57571200,5
10,3.7515,3.8035,3.663,0.0000,142414296,5
11,3.9128,3.9544,3.715,0.0000,163164024,5
12,4.0949,4.329,3.8867,0.0000,230407200,5
13,4.1729,4.2614,4.048,0.0000,141842688,5
14,4.1521,4.2406,4.1469,0.0000,104182608,5
15,4.3082,4.3082,4.0168,0.0000,136230600,5
16,4.2041,4.3186,4.1729,0.0000,154409592,5
17,4.303,4.3186,4.1521,0.0000,120086400,5
18,4.4799,4.5007,4.2822,0.0000,129345312,5
19,4.3759,4.4955,4.3602,0.0000,99315288,5
20,4.4643,4.4955,4.3238,0.0000,99997512,5
21,4.4955,4.6464,4.4799,0.0000,111577200,5
22,4.5684,4.5996,4.2458,0.0000,135553224,5
TIMEZONE_OFFSET=-240
a545083200,4.4539,4.6984,4.4123,0.0000,140353008,5
a545601600,4.2978,4.4799,4.1313,0.0000,154844520,5
a546292800,4.2874,4.4695,4.2094,0.0000,140064912,5
1,4.2666,4.4123,4.2041,0.0000,138246216,5
2,4.3134,4.4747,4.2406,0.0000,102433608,5
3,4.2666,4.4539,4.251,0.0000,117153168,5
4,4.1833,4.3654,4.0897,0.0000,162229416,5
5,4.329,4.4747,4.2249,0.0000,69951996,5
6,4.4123,4.4851,4.2666,0.0000,86630700,5
7,4.4851,4.5371,4.329,0.0000,96169296,5
8,4.4435,4.5475,4.3914,0.0000,115961592,5
9,4.6412,4.662,4.4851,0.0000,83831904,5
a552254400,4.5788,4.6724,4.4643,0.0000,58974204,5
a552945600,4.61,4.7244,4.5475,0.0000,91686504,5
1,4.6412,4.7036,4.5475,0.0000,81688908,5
2,4.7244,4.7661,4.5371,0.0000,73590504,5
3,4.9326,4.9534,4.7036,0.0000,81939900,5
4,5.0262,5.0574,4.7869,0.0000,93116004,5
5,5.328,5.4009,4.995,0.0000,138068508,5
6,5.4633,5.5257,5.0991,0.0000,119175996,5
7,5.2031,5.4945,5.1615,0.0000,84646308,5
8,4.9638,5.3072,4.9534,0.0000,132200592,5
9,5.0991,5.1511,4.7661,0.0000,112050396,5
10,4.9846,5.1615,4.8701,0.0000,100599396,5
11,5.0991,5.2239,4.9014,0.0000,103206096,5
12,5.1927,5.2344,5.047,0.0000,99966396,5
13,4.8493,5.2135,4.8493,0.0000,110331600,5
14,4.2249,4.9534,4.1417,0.0000,165849804,5
15,3.8815,4.2458,3.2259,0.0000,338885292,5
TIMEZONE_OFFSET=-300
a562626000,3.944,4.0584,3.4965,0.0000,173512296,5
1,3.8399,3.9752,3.6422,0.0000,127924404,5
2,3.8295,3.8919,3.5798,0.0000,124385496,5
3,3.7671,3.9128,3.6422,0.0000,105094284,5
4,3.6526,3.8503,3.6318,0.0000,57657696,5
5,3.33,3.6006,3.2468,0.0000,141473892,5
6,3.6318,3.6942,3.3508,0.0000,120509292,5
7,3.8191,3.8815,3.6318,0.0000,133717800,5
a567378000,3.8295,3.944,3.7983,0.0000,90297804,5
1,3.6734,3.7775,3.6526,0.0000,61315392,5
a568674000,3.611,3.9856,3.5798,0.0000,97911096,5
1,3.8503,3.8815,3.5589,0.0000,122046912,5
2,3.6838,3.8919,3.5173,0.0000,80761608,5
3,3.7567,3.7671,3.5381,0.0000,77112300,5
4,3.5381,3.7879,3.5173,0.0000,78897300,5
5,3.6006,3.6838,3.4549,0.0000,90251100,5
6,3.6006,3.7254,3.5277,0.0000,87323592,5
7,3.6318,3.8087,3.5798,0.0000,98098392,5
8,3.6734,3.7983,3.6214,0.0000,105583092,5
9,3.6318,3.7359,3.5173,0.0000,77231208,5
10,3.663,3.7254,3.5798,0.0000,92196900,5
11,3.3716,3.6526,3.3404,0.0000,102757992,5
a575845200,3.3612,3.4549,3.33,0.0000,86176596,5
TIMEZONE_OFFSET=-240
a576532800,3.5381,3.5694,3.3196,0.0000,97530300,5
1,3.33,3.5694,3.2884,0.0000,126307488,5
2,3.3404,3.3612,3.2468,0.0000,113210820,5
3,3.3612,3.4445,3.3092,0.0000,75874992,5
4,3.2884,3.4341,3.278,0.0000,72840888,5
5,3.278,3.3404,3.1947,0.0000,92894904,5
6,3.3508,3.4029,3.2364,0.0000,91184400,5
7,3.33,3.3612,3.2884,0.0000,44742408,5
8,3.5485,3.5902,3.3404,0.0000,92761608,5
9,3.5798,3.6526,3.4861,0.0000,94624800,5
10,3.6006,3.7046,3.5277,0.0000,102204204,5
11,3.6422,3.6838,3.5173,0.0000,71442588,5
12,3.6526,3.6838,3.4861,0.0000,57220404,5
13,3.6006,3.7254,3.5173,0.0000,71344092,5
14,3.6422,3.663,3.5069,0.0000,73935096,5
15,3.4341,3.6318,3.3924,0.0000,65506296,5
16,3.5589,3.5694,3.3716,0.0000,72581412,5
17,3.4757,3.5902,3.4549,0.0000,50631996,5
18,3.3508,3.5277,3.3196,0.0000,102582600,5
19,3.3092,3.3716,3.2676,0.0000,78087708,5
20,3.3092,3.3508,3.2468,0.0000,63570000,5
21,3.4029,3.4237,3.278,0.0000,59695992,5
22,3.4965,3.5173,3.4029,0.0000,56522496,5
23,3.6006,3.6214,3.4861,0.0000,107243196,5
24,3.5902,3.6006,3.5589,0.0000,74920104,5
25,3.611,3.663,3.5485,0.0000,59657712,5
26,3.663,3.663,3.5485,0.0000,67723704,5
27,3.6214,3.6838,3.5694,0.0000,63452292,5
28,3.7359,3.7463,3.6006,0.0000,99365700,5
29,3.6214,3.7671,3.6214,0.0000,64094808,5
TIMEZONE_OFFSET=-300
a594680400,3.611,3.7359,3.6006,0.0000,77109900,5
1,3.7046,3.8087,3.5902,0.0000,93384996,5
2,3.6526,3.7359,3.5069,0.0000,96239004,5
3,3.6422,3.7254,3.5798,0.0000,46556196,5
4,3.6526,3.7775,3.6214,0.0000,78670308,5
5,3.8191,3.8607,3.6734,0.0000,100090008,5
6,3.7463,3.8607,3.7046,0.0000,93298392,5
7,3.7671,3.8815,3.7359,0.0000,84594600,5
8,3.7254,3.7671,3.7046,0.0000,27579696,5
9,3.715,3.7671,3.6214,0.0000,73870392,5
10,3.7463,3.7775,3.663,0.0000,81947304,5
11,3.7879,3.8399,3.7254,0.0000,83739396,5
12,3.944,4.0064,3.7567,0.0000,122397588,5
13,3.9856,4.0793,3.9336,0.0000,98769996,5
14,3.8503,4.0584,3.8503,0.0000,84040788,5
15,3.9024,3.944,3.7879,0.0000,72934500,5
16,3.7671,3.9232,3.7671,0.0000,62443200,5
17,3.7254,3.8503,3.715,0.0000,75029496,5
18,3.7463,3.8191,3.7046,0.0000,82269096,5
19,3.7359,3.8815,3.7359,0.0000,104534604,5
a606690000,3.663,3.7983,3.6422,0.0000,57750108,5
a607381200,3.7046,3.7463,3.6422,0.0000,66683496,5
TIMEZONE_OFFSET=-240
a607982400,3.7567,3.7879,3.7046,0.0000,54019296,5
1,3.9128,3.9128,3.715,0.0000,73419804,5
2,4.0272,4.048,3.8919,0.0000,100628208,5
3,4.0689,4.1001,3.9752,0.0000,83168700,5
4,3.9752,4.1001,3.9648,0.0000,56852796,5
5,4.2458,4.2562,3.9128,0.0000,113700792,5
6,4.4851,4.5059,4.2666,0.0000,182904588,5
7,4.5163,4.5267,4.381,0.0000,117949500,5
8,4.6412,4.6828,4.4747,0.0000,72735204,5
9,4.5475,4.6516,4.5059,0.0000,82776012,5
10,4.4435,4.5475,4.3394,0.0000,121897896,5
11,4.5579,4.5684,4.3914,0.0000,67875012,5
12,4.2978,4.5684,4.277,0.0000,72168192,5
13,4.4227,4.4539,4.277,0.0000,39561504,5
14,4.5475,4.5684,4.4123,0.0000,73382592,5
15,4.7349,4.7349,4.5059,0.0000,101943504,5
16,4.7869,4.8285,4.6204,0.0000,76956108,5
17,4.7349,4.8909,4.6932,0.0000,75582000,5
18,4.7973,4.9222,4.7244,0.0000,112700304,5
19,4.8285,4.8389,4.6724,0.0000,66820296,5
20,4.8805,4.9118,4.6308,0.0000,78805992,5
21,4.8493,4.9014,4.7661,0.0000,57071496,5
22,4.7036,4.8701,4.6412,0.0000,54546600,5
23,4.7661,4.7661,4.5996,0.0000,100603008,5
24,4.6516,4.8285,4.5579,0.0000,55485888,5
25,4.7036,4.8077,4.5788,0.0000,64301496,5
26,4.9014,4.9326,4.7036,0.0000,105165000,5
27,4.5163,4.9118,4.4331,0.0000,72224700,5
28,4.714,4.7557,4.4435,0.0000,131527896,5
29,4.4643,4.7453,4.3914,0.0000,85866708,5
TIMEZONE_OFFSET=-300
a626130000,4.4851,4.6308,4.4539,0.0000,67860600,5
1,4.5475,4.5579,4.3914,0.0000,61954308,5
2,4.9534,4.995,4.5579,0.0000,93469008,5
3,5.0054,5.047,4.8805,0.0000,66725508,5
4,5.2656,5.2864,4.995,0.0000,111005400,5
5,5.2656,5.328,5.2239,0.0000,73471596,5
6,5.3488,5.38,5.2135,0.0000,95948400,5
7,5.3072,5.3904,5.1303,0.0000,78455112,5
8,5.3696,5.3696,5.2239,0.0000,28577796,5
9,5.4633,5.5778,5.3384,0.0000,78586104,5
10,5.2552,5.5153,5.2344,0.0000,88950108,5
11,5.4009,5.4113,5.1199,0.0000,105989112,5
12,5.2031,5.4009,5.0574,0.0000,134594700,5
13,5.1407,5.2552,5.0574,0.0000,94337484,5
14,5.2656,5.3072,5.1199,0.0000,72599292,5
15,5.1615,5.2656,5.0991,0.0000,80466204,5
16,5.0366,5.1199,5.0054,0.0000,75360996,5
17,5.1927,5.1927,5.047,0.0000,106384284,5
18,5.2135,5.2448,5.1095,0.0000,79231296,5
19,5.328,5.3384,5.1407,0.0000,97578396,5
20,5.3072,5.4321,5.2344,0.0000,76581396,5
21,5.3488,5.4113,5.3072,0.0000,66982500,5
TIMEZONE_OFFSET=-240
a639432000,5.3592,5.4321,5.2968,0.0000,63378996,5
a639950400,5.4945,5.5153,5.3488,0.0000,45246792,5
a640641600,5.4529,5.5986,5.4009,0.0000,90680988,5
1,5.3176,5.4425,5.3176,0.0000,76147704,5
2,5.4425,5.4425,5.3072,0.0000,61472604,5
3,5.6714,5.6818,5.4217,0.0000,115642008,5
4,5.6714,5.7651,5.609,0.0000,108193404,5
5,5.6922,5.7859,5.6506,0.0000,85065504,5
6,5.7859,5.8379,5.6818,0.0000,63645612,5
7,5.7026,5.8587,5.6922,0.0000,67228908,5
8,5.8379,5.8899,5.6818,0.0000,85275600,5
9,5.7755,5.9212,5.7443,0.0000,69818592,5
10,5.7651,5.8275,5.7234,0.0000,61227588,5
11,5.8795,5.942,5.7755,0.0000,45478608,5
12,6.2334,6.2854,5.8795,0.0000,98474508,5
13,6.1605,6.275,6.1397,0.0000,82895004,5
14,5.994,6.1501,5.7963,0.0000,111085896,5
15,5.8067,6.0356,5.5569,0.0000,112097304,5
16,5.5465,5.6922,5.4633,0.0000,120063708,5
17,5.328,5.6818,5.2448,0.0000,111938808,5
18,5.1095,5.38,4.8077,0.0000,149812608,5
19,5.1615,5.3592,5.0679,0.0000,90040800,5
20,5.047,5.1095,4.9638,0.0000,74666700,5
21,4.9534,5.1927,4.9222,0.0000,71191584,5
22,4.6516,4.9742,4.4747,0.0000,156648492,5
23,4.5371,4.662,4.1833,0.0000,137018604,5
24,4.5163,4.7765,4.381,0.0000,123060588,5
25,4.4123,4.5892,4.2562,0.0000,99861900,5
26,4.6204,4.6412,4.2458,0.0000,123085812,5
27,4.2041,4.5475,4.1729,0.0000,132635496,5
TIMEZONE_OFFSET=-300
a657579600,4.4123,4.4227,4.1625,0.0000,105030600,5
1,4.4747,4.5163,4.2666,0.0000,80857704,5
2,4.61,4.6828,4.5163,0.0000,99634896,5
3,4.4643,4.61,4.3602,0.0000,61460700,5
4,4.5579,4.5892,4.3394,0.0000,93437904,5
5,4.7869,4.8701,4.5267,0.0000,118151304,5
6,4.6308,4.7869,4.5579,0.0000,75826992,5
7,4.8285,4.8597,4.5579,0.0000,101425800,5
8,4.7765,4.8285,4.7453,0.0000,28325496,5
9,4.5475,4.7973,4.5371,0.0000,58297896,5
10,4.4955,4.6724,4.4539,0.0000,89073888,5
11,4.8181,4.8597,4.4123,0.0000,137380284,5
12,4.9846,5.0054,4.6932,0.0000,110044404,5
13,5.328,5.38,4.9846,0.0000,116158500,5
14,5.4321,5.5674,5.2968,0.0000,119636004,5
15,5.7963,5.8275,5.38,0.0000,148902000,5
16,5.7651,5.9108,5.661,0.0000,91251600,5
17,5.7339,5.8691,5.5986,0.0000,108882996,5
18,5.5569,5.8379,5.5361,0.0000,89085996,5
19,5.713,5.8379,5.5569,0.0000,105592692,5
20,5.5153,5.7755,5.4529,0.0000,73290096,5
a670194000,5.7963,5.8691,5.5465,0.0000,57039012,5
a670885200,5.9004,6.0669,5.7859,0.0000,96428700,5
TIMEZONE_OFFSET=-240
a671486400,6.0773,6.1189,5.9004,0.0000,67816092,5
1,6.1917,6.3062,6.0564,0.0000,95389800,5
2,5.9732,6.1813,5.8691,0.0000,54528600,5
3,6.046,6.0981,5.8171,0.0000,66646200,5
4,5.9316,6.1709,5.9212,0.0000,59121912,5
5,5.9524,6.0044,5.7963,0.0000,73238508,5
6,6.0773,6.1085,5.9316,0.0000,50564604,5
7,6.4311,6.4415,6.0773,0.0000,79565100,5
8,6.1709,6.4623,6.1293,0.0000,73052208,5
9,6.2958,6.3062,6.1293,0.0000,58842000,5
10,6.2438,6.2958,6.1397,0.0000,68615004,5
11,6.1605,6.2229,6.0669,0.0000,61785012,5
12,6.1397,6.275,6.1189,0.0000,44364000,5
13,6.2646,6.3062,6.0773,0.0000,60940488,5
14,6.1293,6.2958,5.9628,0.0000,100985016,5
15,6.0564,6.1397,5.942,0.0000,74833596,5
16,6.0564,6.1189,6.0148,0.0000,58890000,5
17,6.1293,6.2021,5.9524,0.0000,69924300,5
18,5.994,6.2021,5.9628,0.0000,78570600,5
19,6.2229,6.2334,5.7339,0.0000,115645608,5
20,6.2334,6.2958,6.1709,0.0000,46694304,5
21,5.9004,6.275,5.8899,0.0000,70386792,5
22,5.6506,5.9108,5.609,0.0000,100649808,5
23,5.7859,5.8379,5.6506,0.0000,88610304,5
24,5.7339,5.8483,5.713,0.0000,56772408,5
25,5.6922,5.8899,5.6922,0.0000,62753208,5
26,5.5361,5.6922,5.4321,0.0000,96353208,5
27,5.942,6.0356,5.5361,0.0000,99340608,5
28,5.7547,5.994,5.713,0.0000,63721296,5
TIMEZONE_OFFSET=-300
a689029200,5.6922,5.9108,5.6402,0.0000,76165692,5
1,5.7234,5.7755,5.6402,0.0000,62556204,5
2,5.609,5.8691,5.5986,0.0000,85167504,5
3,5.5257,5.713,5.4425,0.0000,97455804,5
4,5.3904,5.6402,5.3592,0.0000,60623400,5
5,5.3176,5.4737,5.1615,0.0000,116038308,5
6,5.6506,5.6714,5.328,0.0000,90249792,5
7,5.8067,5.8379,5.6194,0.0000,103669716,5
8,6.1605,6.2646,5.7963,0.0000,80032404,5
9,6.3478,6.5039,6.1605,0.0000,111209604,5
10,6.2021,6.3478,6.1293,0.0000,93589200,5
11,6.6184,6.6288,6.1605,0.0000,116636700,5
12,6.5247,6.7224,6.4727,0.0000,93430596,5
13,6.2646,6.5768,6.2438,0.0000,72234300,5
14,6.4311,6.5247,6.2334,0.0000,75149700,5
15,6.4207,6.5664,6.379,0.0000,56052804,5
16,6.6912,6.7016,6.4207,0.0000,88687092,5
17,6.5455,6.7224,6.5351,0.0000,62559804,5
18,6.4519,6.6496,6.4207,0.0000,72138204,5
19,6.4935,6.5247,6.3686,0.0000,59309292,5
20,6.5455,6.5664,6.4207,0.0000,64290588,5
21,6.3374,6.5351,6.3374,0.0000,47699592,5
22,6.2334,6.3999,6.2229,0.0000,55174788,5
TIMEZONE_OFFSET=-240
a702936000,6.327,6.3478,6.0564,0.0000,84251004,5
a703454400,6.5768,6.5768,6.2646,0.0000,69957996,5
a704145600,6.3166,6.5976,6.2854,0.0000,91536396,5
1,6.3062,6.379,6.275,0.0000,62428800,5
2,6.4519,6.4623,6.3166,0.0000,60645096,5
3,6.4311,6.6288,6.4207,0.0000,87896688,5
4,6.379,6.5143,6.3582,0.0000,39932700,5
5,6.3582,6.4727,6.2542,0.0000,36360300,5
6,6.4519,6.4727,6.2229,0.0000,53079792,5
7,6.3478,6.4519,6.2542,0.0000,37579512,5
8,6.327,6.4831,6.3062,0.0000,74276304,5
9,6.4935,6.4935,6.2646,0.0000,44374800,5
a710107200,6.4311,6.608,6.4207,0.0000,46116600,5
a710798400,6.3582,6.4935,6.2958,0.0000,51083400,5
1,6.4519,6.5351,6.3478,0.0000,55542288,5
2,6.2229,6.4727,6.2229,0.0000,54553692,5
3,6.3686,6.4623,6.2334,0.0000,66087696,5
4,6.2854,6.379,6.2229,0.0000,61697304,5
5,6.2854,6.327,6.2438,0.0000,45577104,5
6,6.2542,6.3999,6.2438,0.0000,46551384,5
7,6.1085,6.2438,6.0773,0.0000,60980208,5
8,6.2125,6.2542,6.1085,0.0000,55513512,5
9,6.2542,6.275,6.1709,0.0000,39153084,5
10,6.6288,6.6392,6.3062,0.0000,92840796,5
11,6.4831,6.5976,6.3894,0.0000,54049200,5
12,6.3062,6.5976,6.3062,0.0000,51979608,5
13,6.2438,6.3062,6.0877,0.0000,64631688,5
14,6.3478,6.3686,6.2125,0.0000,58255908,5
15,6.3166,6.4207,6.2854,0.0000,49751292,5
TIMEZONE_OFFSET=-300
a720478800,6.3894,6.4727,6.3166,0.0000,43513512,5
1,6.4519,6.6184,6.3999,0.0000,54260592,5
2,6.5664,6.5664,6.4103,0.0000,45825696,5
3,6.66,6.6704,6.4623,0.0000,63867900,5
4,6.8994,6.9618,6.6808,0.0000,79972296,5
5,6.8785,6.9722,6.7745,0.0000,57458196,5
6,6.9722,6.993,6.8369,0.0000,46115292,5
7,7.2219,7.2324,6.9098,0.0000,92779500,5
a725230800,7.2011,7.2844,7.1699,0.0000,41651700,5
1,7.1179,7.2844,7.0763,0.0000,33878712,5
a726526800,7.1387,7.2636,7.0659,0.0000,65547204,5
1,7.045,7.1491,6.993,0.0000,66473196,5
2,7.0242,7.1283,6.8681,0.0000,63906396,5
3,7.1699,7.1907,6.9722,0.0000,59004192,5
4,7.2324,7.274,7.0138,0.0000,58797588,5
5,7.0763,7.3052,7.0659,0.0000,58355496,5
6,6.8473,7.0763,6.7329,0.0000,93009000,5
7,7.0034,7.0554,6.8577,0.0000,70176600,5
8,7.1387,7.1699,6.9306,0.0000,66465996,5
9,7.2011,7.3468,7.1283,0.0000,68463600,5
10,7.378,7.4197,7.1699,0.0000,66852804,5
11,7.4717,7.5341,7.274,0.0000,70055196,5
12,7.4093,7.5758,7.3468,0.0000,60860100,5
TIMEZONE_OFFSET=-240
a734299200,7.659,7.6798,7.378,0.0000,49857108,5
a734990400,7.9296,7.992,7.6278,0.0000,88129800,5
1,7.7527,7.94,7.659,0.0000,62558496,5
2,7.5445,7.7735,7.4717,0.0000,61655304,5
3,7.8463,7.8775,7.3884,0.0000,75991596,5
4,7.7631,7.9192,7.659,0.0000,68174196,5
5,7.6694,7.7943,7.5549,0.0000,62635404,5
6,7.7214,7.8671,7.6382,0.0000,55998696,5
7,7.8151,7.8775,7.7423,0.0000,36891300,5
8,7.8463,7.8775,7.7423,0.0000,56076804,5
9,7.8984,7.9504,7.7214,0.0000,75476304,5
10,7.8879,8.0232,7.8775,0.0000,64118892,5
11,7.9608,8.0128,7.8984,0.0000,61503804,5
12,8.0753,8.1273,7.8671,0.0000,47012592,5
13,8.3146,8.3979,8.0544,0.0000,80473200,5
14,8.1377,8.3458,8.1065,0.0000,59270796,5
15,8.2001,8.3042,8.1169,0.0000,51979596,5
16,8.273,8.3146,8.1377,0.0000,44165796,5
17,8.1065,8.3458,8.0857,0.0000,44311104,5
18,8.2105,8.2105,7.992,0.0000,64245012,5
19,8.1585,8.2938,8.1065,0.0000,44219796,5
20,8.0961,8.2209,8.0753,0.0000,43740600,5
21,8.044,8.1481,7.9504,0.0000,42747108,5
22,8.2209,8.2209,8.0128,0.0000,84499692,5
23,7.8984,8.2209,7.8671,0.0000,50848008,5
24,7.9816,8.0544,7.8671,0.0000,39734508,5
25,7.992,8.0544,7.8879,0.0000,39871500,5
26,8.2001,8.2314,7.9504,0.0000,59583192,5
27,7.992,8.2105,7.992,0.0000,44580192,5
28,8.0753,8.1585,7.9296,0.0000,43924284,5
TIMEZONE_OFFSET=-300
a752533200,7.8359,8.2105,7.7631,0.0000,64175400,5
1,7.8151,7.9088,7.7214,0.0000,61568796,5
2,8.1793,8.1793,7.8255,0.0000,69792096,5
3,8.2001,8.3042,7.9608,0.0000,51906312,5
4,8.3354,8.4083,8.0961,0.0000,57052212,5
5,8.4603,8.4811,8.2626,0.0000,60106908,5
6,8.7517,8.7621,8.3874,0.0000,100182600,5
a756680400,8.8349,8.8869,8.658,0.0000,53624004,5
a757371600,8.7309,8.9078,8.7309,0.0000,47669688,5
1,8.71,8.7204,8.5435,0.0000,87865392,5
2,8.8869,8.9286,8.6996,0.0000,75409104,5
3,8.991,9.0743,8.8557,0.0000,71268408,5
4,8.9806,9.1159,8.8245,0.0000,60474492,5
5,8.8661,9.1367,8.8661,0.0000,73478688,5
6,8.9286,9.0534,8.7829,0.0000,51720108,5
7,8.991,9.1367,8.8974,0.0000,66635412,5
8,8.7517,9.0222,8.71,0.0000,44800008,5
9,8.7309,8.8661,8.6268,0.0000,63954300,5
10,8.7621,8.8245,8.6476,0.0000,48870792,5
11,8.6996,8.7725,8.5227,0.0000,88370016,5
12,8.5019,8.7204,8.5019,0.0000,51709200,5
a765147600,8.325,8.6268,8.044,0.0000,80419200,5
TIMEZONE_OFFSET=-240
a765835200,8.0961,8.2626,8.0024,0.0000,112112796,5
1,8.0544,8.2938,8.0336,0.0000,64875612,5
2,7.992,8.0961,7.8255,0.0000,80792808,5
3,7.9296,8.1585,7.9192,0.0000,51311700,5
4,8.044,8.273,7.9192,0.0000,72493704,5
5,7.94,8.0232,7.711,0.0000,84010692,5
6,7.9296,8.0961,7.8255,0.0000,68917704,5
7,8.1585,8.2001,7.7631,0.0000,59488800,5
8,8.2209,8.3874,8.0961,0.0000,41102106,5
9,7.9504,8.2626,7.9296,0.0000,49650396,5
10,7.9504,8.0753,7.8879,0.0000,82862592,5
11,7.7006,7.9712,7.4925,0.0000,115505700,5
12,7.7214,7.9712,7.6174,0.0000,69451002,5
13,7.8879,7.9296,7.7214,0.0000,40007802,5
14,7.9712,8.0336,7.7631,0.0000,61472094,5
15,8.2626,8.2834,7.8671,0.0000,53669004,5
16,8.3874,8.4291,8.0753,0.0000,49567002,5
17,8.1585,8.4707,8.0544,0.0000,58825206,5
18,8.0128,8.2626,7.8671,0.0000,67494300,5
19,7.9712,8.1169,7.7423,0.0000,98118900,5
20,8.4499,8.5123,7.9088,0.0000,71512902,5
21,8.325,8.5331,8.2418,0.0000,50837802,5
22,8.1793,8.3666,8.1169,0.0000,35449200,5
23,8.4915,8.5539,8.1585,0.0000,67159296,5
24,8.1169,8.5123,8.0753,0.0000,64064904,5
25,8.0128,8.2834,8.0128,0.0000,49727298,5
26,7.7839,8.0753,7.7631,0.0000,75034302,5
27,8.3874,8.4915,7.7839,0.0000,69196296,5
28,7.8879,8.4707,7.8879,0.0000,83278200,5
29,8.2209,8.2418,7.8879,0.0000,76709904,5
TIMEZONE_OFFSET=-300
a783982800,7.992,8.2209,7.9504,0.0000,48410196,5
1,8.1169,8.3042,7.9504,0.0000,43929000,5
2,8.1169,8.2418,7.992,0.0000,62654094,5
3,7.7006,8.0961,7.5549,0.0000,65550798,5
4,7.8463,7.8671,7.5549,0.0000,63715296,5
5,7.8047,7.9504,7.6174,0.0000,61945398,5
6,8.3666,8.3874,7.7423,0.0000,107585604,5
7,8.2834,8.4915,8.2418,0.0000,64502694,5
8,8.4915,8.6372,8.2834,0.0000,39483498,5
9,8.4707,8.5956,8.3458,0.0000,42838494,5
10,8.658,8.658,8.3874,0.0000,49299102,5
11,8.4915,8.8245,8.3874,0.0000,76514202,5
12,8.4083,8.5748,8.3042,0.0000,55411398,5
13,8.6788,8.7621,8.3666,0.0000,48418596,5
14,8.6788,8.7829,8.6164,0.0000,46121994,5
15,8.9286,9.0326,8.6372,0.0000,78110502,5
16,9.1159,9.324,8.8869,0.0000,63378900,5
17,8.8245,9.1367,8.7621,0.0000,54654096,5
18,9.1159,9.1367,8.658,0.0000,65011398,5
19,9.0326,9.2199,8.9078,0.0000,70323702,5
20,9.1575,9.1783,8.9286,0.0000,56319504,5
21,8.991,9.2199,8.9702,0.0000,50347296,5
TIMEZONE_OFFSET=-240
a797284800,9.1367,9.2408,9.0118,0.0000,49507506,5
a797803200,9.1575,9.2199,9.0118,0.0000,30241404,5
a798494400,9.1575,9.2616,8.8869,0.0000,69988500,5
1,9.324,9.4697,9.0743,0.0000,64315302,5
2,9.5529,9.6362,9.324,0.0000,61920600,5
3,9.8235,9.8651,9.4281,0.0000,76290702,5
4,9.4073,9.7403,9.324,0.0000,89496804,5
5,9.3864,9.6362,9.2824,0.0000,61991106,5
6,9.4489,9.7194,9.324,0.0000,47122602,5
7,9.2616,9.6778,9.2408,0.0000,64969998,5
8,9.5529,9.6986,9.2824,0.0000,66592098,5
9,9.5113,9.6362,9.4489,0.0000,66446304,5
10,9.3864,9.5529,9.2616,0.0000,65858196,5
11,9.99,9.99,9.3864,0.0000,50939904,5
12,9.6778,9.99,9.657,0.0000,50253498,5
13,9.9692,10.0108,9.5113,0.0000,88885302,5
14,9.7819,10.0733,9.7403,0.0000,59982600,5
15,9.5946,9.9484,9.4697,0.0000,63303294,5
16,9.6154,9.8235,9.5113,0.0000,38551206,5
17,9.5321,9.8027,9.5113,0.0000,53352000,5
18,9.7194,9.7611,9.4905,0.0000,46058796,5
19,9.7819,9.8443,9.7194,0.0000,39839598,5
20,9.7819,9.8859,9.7194,0.0000,35040198,5
21,10.6352,10.6352,9.7819,0.0000,85644498,5
22,10.4895,10.5728,10.1981,0.0000,64532202,5
23,10.6144,10.7601,10.4063,0.0000,63777102,5
24,10.4687,10.6976,10.3854,0.0000,61939296,5
25,10.4895,10.6144,10.3022,0.0000,53404104,5
26,10.7601,10.8641,10.4063,0.0000,57171198,5
27,10.3646,10.7184,10.1357,0.0000,56117700,5
TIMEZONE_OFFSET=-300
a815432400,10.4479,10.656,10.2814,0.0000,44930304,5
1,10.9266,10.9266,10.3438,0.0000,50268606,5
2,11.1555,11.3012,10.8433,0.0000,74076300,5
3,10.989,11.2388,10.9474,0.0000,38100300,5
4,11.4261,11.4677,10.8225,0.0000,59663100,5
5,11.7174,11.8839,11.3636,0.0000,67038996,5
6,12.0504,12.0713,11.6966,0.0000,95449200,5
7,11.9256,12.1753,11.655,0.0000,78637794,5
8,11.988,12.0296,11.8215,0.0000,34797000,5
9,12.1337,12.3834,11.8631,0.0000,64215000,5
10,11.6966,12.2586,11.6342,0.0000,61744698,5
11,12.3626,12.4251,11.5718,0.0000,77791608,5
12,12.5708,12.5708,12.0921,0.0000,65058402,5
13,12.8413,12.9454,12.4043,0.0000,64722396,5
14,13.2159,13.32,12.7581,0.0000,74959194,5
15,12.9038,13.32,12.9038,0.0000,77539902,5
16,13.2784,13.4033,12.7164,0.0000,56577906,5
17,12.7997,13.2576,12.5291,0.0000,75759804,5
18,12.4459,13.1119,12.2586,0.0000,64220400,5
19,12.6124,12.7581,12.3002,0.0000,104150100,5
20,13.0494,13.1327,12.6124,0.0000,53098596,5
21,12.9662,13.2368,12.8205,0.0000,53560896,5
a828651600,13.3824,13.4241,12.987,0.0000,51013800,5
TIMEZONE_OFFSET=-240
a829339200,12.7997,13.2784,12.3418,0.0000,87994002,5
1,13.1743,13.32,12.8413,0.0000,74509896,5
2,12.9662,13.32,12.9038,0.0000,54963396,5
3,12.8205,13.0911,12.7581,0.0000,60463704,5
4,12.9454,13.0078,12.4251,0.0000,70094304,5
5,13.5281,13.653,12.8829,0.0000,70675596,5
6,14.1525,14.2566,13.5906,0.0000,93200604,5
7,13.7779,14.1941,13.6114,0.0000,52371804,5
8,14.2982,14.4439,13.6322,0.0000,76377696,5
9,14.2774,14.4231,14.0484,0.0000,62046294,5
10,14.4855,14.4855,14.0901,0.0000,85049298,5
11,14.4439,14.6728,14.2774,0.0000,77253402,5
12,14.2566,14.6312,14.2149,0.0000,42088200,5
13,13.986,14.2774,13.6946,0.0000,64743000,5
14,13.6738,13.986,12.987,0.0000,92628300,5
15,13.5489,13.6114,12.9662,0.0000,73624596,5
16,14.3398,14.3814,13.2368,0.0000,60481698,5
17,13.9444,14.4855,13.9236,0.0000,46314096,5
18,14.1317,14.2566,13.9236,0.0000,47744202,5
19,14.2774,14.3398,13.9652,0.0000,51492396,5
20,13.8403,14.4439,13.8403,0.0000,50604198,5
21,14.1109,14.1733,13.6114,0.0000,46246302,5
22,14.7144,14.8185,14.0901,0.0000,68012700,5
23,14.8393,14.9642,14.4023,0.0000,71136204,5
24,15.2348,15.318,14.6312,0.0000,72669594,5
25,15.5678,15.6094,15.0683,0.0000,51761502,5
26,15.7134,15.7343,15.2972,0.0000,45323100,5
27,15.8383,16.0048,15.651,0.0000,59315298,5
28,15.9632,16.2338,15.7967,0.0000,51418098,5
TIMEZONE_OFFSET=-300
a846882000,16.0881,16.1921,15.7759,0.0000,54949002,5
1,17.0038,17.1703,16.0881,0.0000,73362894,5
2,17.3576,17.6698,16.8581,0.0000,69151908,5
3,16.8165,17.3784,16.8165,0.0000,67108098,5
4,17.316,17.3784,16.7957,0.0000,53955000,5
5,16.2962,17.2952,15.8175,0.0000,113607702,5
6,16.1089,16.5668,15.9216,0.0000,105979494,5
7,17.0246,17.4617,15.7759,0.0000,127715304,5
8,17.0663,17.3368,16.6708,0.0000,35391600,5
9,16.5043,17.1703,15.9632,0.0000,71740500,5
10,16.8789,16.9622,16.3378,0.0000,83268402,5
11,17.2536,17.4825,16.7957,0.0000,91618596,5
12,16.9622,17.9612,16.8789,0.0000,97365798,5
13,17.2328,17.7947,16.6084,0.0000,102032496,5
14,17.4825,17.5658,16.983,0.0000,80782698,5
15,17.7114,17.9612,17.1703,0.0000,75842700,5
16,17.5033,18.0444,17.4617,0.0000,62428200,5
17,17.1287,17.8363,17.1079,0.0000,71236602,5
18,17.5449,17.6282,16.8581,0.0000,75178902,5
19,17.1495,17.8571,17.1079,0.0000,67029396,5
20,17.1079,17.3784,16.983,0.0000,72397098,5
a859496400,16.8581,17.7947,16.5459,0.0000,64528500,5
a860187600,16.7957,16.8373,16.1713,0.0000,123019800,5
TIMEZONE_OFFSET=-240
a860788800,16.2962,17.0871,16.2338,0.0000,67251000,5
1,17.4409,17.6282,16.1713,0.0000,84087198,5
2,17.7323,18.0653,17.2536,0.0000,77707998,5
3,18.8353,18.8978,17.6698,0.0000,77504502,5
4,19.3973,19.647,18.8353,0.0000,100979004,5
5,20.1465,20.7709,19.3556,0.0000,105700299,5
6,20.4379,21.0623,19.98,0.0000,79578699,5
7,20.1049,20.6044,20.0216,0.0000,52097400,5
8,20.7293,20.7293,19.9384,0.0000,57986400,5
9,22.0196,22.1861,20.8125,0.0000,63309597,5
10,22.5191,22.7273,21.8531,0.0000,63869001,5
11,21.7491,22.6024,21.312,0.0000,66837798,5
a867960000,23.1019,23.1019,21.5826,0.0000,47129700,5
a868651200,23.5181,23.6014,22.5608,0.0000,78606402,5
1,23.6846,25.2456,23.3933,0.0000,70775196,5
2,24.0801,24.309,23.1227,0.0000,64904901,5
3,23.0186,24.2882,22.6856,0.0000,64681698,5
4,22.3318,23.4973,22.1445,0.0000,80994297,5
5,21.1039,22.8938,20.8958,0.0000,90042900,5
6,21.6034,22.644,20.8958,0.0000,95274399,5
7,20.8333,21.8739,20.4171,0.0000,80676603,5
8,22.0613,22.5399,21.1455,0.0000,63708699,5
9,22.0613,22.5816,21.1455,0.0000,68717202,5
10,23.3724,23.9344,22.0613,0.0000,87008304,5
11,22.7481,23.6222,22.2278,0.0000,58047999,5
12,22.9978,23.6014,22.5399,0.0000,55598298,5
13,23.2684,23.976,23.1227,0.0000,62898801,5
14,23.1019,23.6222,22.311,0.0000,57345903,5
15,21.9572,23.5806,21.5618,0.0000,82016199,5
TIMEZONE_OFFSET=-300
a878331600,21.5201,22.4775,19.647,0.0000,124732200,5
1,22.5608,23.31,21.978,0.0000,77855601,5
2,23.0811,23.3308,21.8739,0.0000,67296303,5
3,24.2258,24.4755,23.1019,0.0000,75394002,5
4,24.6004,24.8918,23.7679,0.0000,39592899,5
5,24.4547,25.0166,23.976,0.0000,64734702,5
6,24.0593,24.8918,23.8928,0.0000,59074401,5
7,24.309,25.4953,23.4141,0.0000,73984602,5
8,23.5806,24.7461,23.5806,0.0000,34328298,5
9,24.642,24.7669,23.8719,0.0000,36674199,5
10,24.1217,25.0999,23.643,0.0000,66464196,5
11,24.4339,24.9334,23.3933,0.0000,74983002,5
12,24.6628,25.308,24.4131,0.0000,59937501,5
13,25.8075,25.9324,24.642,0.0000,72380400,5
14,25.8699,26.1821,25.4121,0.0000,73616499,5
15,25.9116,26.2862,25.4537,0.0000,54775902,5
16,26.0364,26.2862,25.6826,0.0000,41221899,5
17,25.8908,26.0573,25.3288,0.0000,53908401,5
18,26.0573,26.1197,25.0583,0.0000,66298800,5
19,26.0781,26.4319,25.8075,0.0000,54113502,5
20,27.1811,27.2019,26.2029,0.0000,59431203,5
21,27.8055,28.1177,26.7233,0.0000,60794001,5
22,29.0959,29.7827,27.8679,0.0000,74064900,5
TIMEZONE_OFFSET=-240
a892152000,28.8045,29.5121,28.6588,0.0000,45921300,5
a892843200,29.0543,29.2104,28.2426,0.0000,54331800,5
1,27.9304,29.0334,27.639,0.0000,56883000,5
2,28.305,28.5964,26.8689,0.0000,60178401,5
3,27.7014,28.638,27.2228,0.0000,49648599,5
4,27.5141,28.4091,27.2852,0.0000,56967903,5
5,28.305,28.7213,26.973,0.0000,64795101,5
6,27.7639,28.5964,27.2019,0.0000,48606597,5
7,28.2218,28.2426,26.9314,0.0000,56033301,5
8,28.3883,28.9086,27.8471,0.0000,62803299,5
9,28.971,29.5329,27.8888,0.0000,80854695,5
10,29.9908,30.1157,28.6588,0.0000,54419001,5
a899409600,30.2822,30.636,29.9908,0.0000,43159398,5
a900100800,31.2396,32.0304,30.1157,0.0000,65312598,5
1,32.1969,32.2594,31.1563,0.0000,70890801,5
2,30.5319,32.1761,29.9076,0.0000,86970201,5
3,29.7827,30.8858,29.3248,0.0000,70740603,5
4,29.3456,30.3238,28.4507,0.0000,92213802,5
5,29.1167,29.9284,28.5339,0.0000,67463697,5
6,29.8451,30.6152,28.8045,0.0000,66547401,5
7,28.5964,30.5319,28.2218,0.0000,88027002,5
8,25.2664,29.1167,24.1841,0.0000,145714701,5
9,26.3903,27.7223,25.0166,0.0000,110101200,5
10,25.9324,27.1395,25.4745,0.0000,124276299,5
11,27.6598,28.0553,25.0166,0.0000,99221898,5
12,25.0999,28.2842,23.5181,0.0000,124217697,5
13,24.1425,25.2872,22.977,0.0000,159803199,5
14,27.9096,28.0553,24.4755,0.0000,118734000,5
15,28.8253,28.9086,27.2644,0.0000,83595501,5
TIMEZONE_OFFSET=-300
a909781200,29.1375,29.6162,27.9928,0.0000,72444501,5
1,30.0949,30.3654,29.0543,0.0000,67277601,5
2,29.3664,30.1365,28.6796,0.0000,57750195,5
3,30.8649,30.9274,29.5746,0.0000,70029402,5
4,30.7401,31.5101,30.7193,0.0000,39844200,5
5,30.0116,30.6776,29.304,0.0000,65076003,5
6,29.6578,30.4903,28.8669,0.0000,64698600,5
7,32.2594,32.301,28.7004,0.0000,98496303,5
a914533200,33.6122,33.966,32.2594,0.0000,41501199,5
1,33.966,34.6112,33.4873,0.0000,35221299,5
a915829200,34.0909,34.9234,33.1335,0.0000,72891600,5
1,33.5498,34.0909,31.3228,0.0000,88394802,5
2,32.5924,34.0284,32.4259,0.0000,62239998,5
3,34.9234,34.965,32.634,0.0000,71695401,5
4,32.634,34.9442,32.1345,0.0000,76647699,5
5,32.5091,33.3416,31.8848,0.0000,65401197,5
6,33.4249,33.7787,32.4051,0.0000,52775202,5
7,33.4041,34.7985,32.6548,0.0000,80005998,5
8,34.5279,34.5904,32.4883,0.0000,71302002,5
9,35.7559,36.1929,34.5071,0.0000,98304198,5
10,37.296,37.6082,35.9016,0.0000,87871902,5
11,35.9016,37.2336,35.2148,0.0000,62020200,5
a923000400,37.1711,38.0244,35.964,0.0000,58929099,5
TIMEZONE_OFFSET=-240
a923688000,37.3584,38.2326,37.1711,0.0000,66876600,5
1,37.0463,39.1067,36.6092,0.0000,86840901,5
2,37.5874,38.2534,33.4665,0.0000,96871503,5
3,35.0899,38.2742,34.5279,0.0000,82948302,5
4,36.6092,36.9214,34.3823,0.0000,93524598,5
5,35.2772,37.2128,34.9442,0.0000,70289199,5
6,34.6736,36.4011,34.1533,0.0000,71577804,5
7,33.8619,35.1107,33.3833,0.0000,80922297,5
8,34.9234,34.965,33.3833,0.0000,53085900,5
9,33.7475,35.0483,33.2376,0.0000,60577101,5
10,35.8183,36.1929,33.633,0.0000,71469900,5
11,34.7777,35.8599,34.3614,0.0000,61824300,5
12,37.5249,37.629,35.0274,0.0000,70997700,5
13,39.0026,39.5438,37.2544,0.0000,78203100,5
14,39.5854,39.627,38.0244,0.0000,63386502,5
15,38.3574,39.96,37.9412,0.0000,60495399,5
16,36.297,38.9194,36.1929,0.0000,56727900,5
17,35.631,36.6092,34.965,0.0000,64437402,5
18,35.8808,36.1097,34.1533,0.0000,60677301,5
19,37.5666,37.6082,36.0264,0.0000,55280799,5
20,38.8153,39.8559,37.629,0.0000,69547098,5
21,38.7633,38.9194,37.0879,0.0000,59637201,5
22,39.6894,40.293,39.1483,0.0000,61094598,5
23,39.96,39.96,38.3366,0.0000,58588701,5
24,39.294,40.7925,38.5031,0.0000,75736602,5
25,39.0859,40.3138,38.3783,0.0000,82471299,5
26,41.5418,41.6874,39.3564,0.0000,92127300,5
27,38.5448,41.4377,38.4615,0.0000,87559200,5
28,41.8331,42.0204,38.1701,0.0000,83036799,5
29,45.1215,45.3921,41.1671,0.0000,92784399,5
TIMEZONE_OFFSET=-300
a941835600,44.5388,44.8926,42.6864,0.0000,80378100,5
1,45.0799,45.2256,43.8936,0.0000,49322499,5
2,45.8499,47.0571,44.6844,0.0000,77550999,5
3,45.1631,46.7449,45.1631,0.0000,42330300,5
4,45.3713,46.2454,43.2484,0.0000,72945600,5
5,49.0967,49.2424,45.288,0.0000,82693398,5
6,50.616,51.4069,47.8688,0.0000,142102098,5
a945982800,52.4475,53.0303,50.5536,0.0000,72900300,5
a946674000,51.5318,53.1135,51.2196,0.0000,46882803,5
1,50.283,51.1779,47.4733,50.949,111282501,5
2,50.283,51.5942,49.8043,50.8449,82029798,5
3,47.9936,50.2622,47.4941,49.7419,87357600,5
4,44.8301,48.5972,44.4971,48.3891,117227397,5
5,47.2028,47.6606,44.3098,44.622,108947997,5
6,44.5388,47.2028,44.3306,47.1819,92559201,5
7,41.6666,46.287,41.625,44.5388,111430899,5
8,41.958,44.2682,41.6458,42.0413,103061202,5
9,46.4119,46.7865,41.958,41.958,119837898,5
10,43.8728,46.4535,42.3534,0.0000,111493404,5
11,46.5992,47.0987,42.0413,42.957,126120798,5
12,52.7805,53.28,45.8291,46.5784,128603400,5
13,51.8231,54.9034,51.5318,52.5308,125233701,5
TIMEZONE_OFFSET=-240
a955137600,52.8221,53.2176,48.9926,51.6983,100068099,5
1,49.4505,54.5704,47.6398,53.0719,111637500,5
a956260800,52.614,52.7805,47.9104,48.0769,88564899,5
a956952000,52.3643,55.9232,52.0521,52.281,102536199,5
1,52.1353,53.946,50.8658,52.947,77187999,5
2,52.4375,52.875,50.0625,52.125,64032700,5
3,51.875,55.1875,51,52.3125,67261800,5
4,49.5625,51.875,48.75,51.875,63070300,5
5,52.6875,54,49.375,49.8125,52125100,5
6,49.25,52.4375,49.25,52,47088000,5
7,51.125,52.1875,48.4375,50,18899100,5
8,49.5,51.9375,47.9375,50.8125,10190500,5
9,52.25,53,49.0625,49.375,62136700,5
10,51.3125,52.5,49.5,52.5,9937800,5
11,52.1875,54,51.125,51.3125,63059300,5
12,54.125,54.75,51.5625,51.5625,64003900,5
13,50.9375,54.625,50.375,54.1875,60817200,5
14,52.75,53.875,51.1875,51.625,67509400,5
15,56.5625,57.375,52,52.125,12044100,5
16,56.375,57.375,55.75,56.375,44501500,5
17,59.375,59.5625,56.0625,56.6875,47188900,5
18,58.125,60.5,57.125,0.0000,50566200,5
19,59.875,60,57.938,58.438,42730600,5
20,56.75,60.063,56.375,59.5,57677400,5
21,57.313,58.375,55,56.688,14206300,5
22,57.813,59.75,56.875,57,61312000,5
23,59.438,59.938,57.75,58,61140400,5
24,57,59.813,54,59.125,71814200,5
25,52.5,57.875,51.625,57,79218600,5
26,52.5,53.875,49,51.5,179623400,5
TIMEZONE_OFFSET=-300
a973285200,53.25,55,52.25,52.438,77569900,5
1,54.125,55.25,53.125,53.563,54880000,5
2,51.938,53.563,50.5,52,66981100,5
3,49.375,51.938,48.375,51.25,55422800,5
4,51,51.5,47.938,50.125,81476900,5
5,55,55.563,50.813,51,74717600,5
6,49.813,56.188,49.25,55.188,109387400,5
7,48.875,51.438,46.875,50.563,80599900,5
8,47.938,49.75,47.625,48.625,44570100,5
9,47.313,48.75,42.625,46.75,124176400,5
10,45.688,47.25,43.188,47.25,107783300,5
11,47,48.5,45.625,45.688,82294000,5
12,44.625,47.375,44.563,46.875,108231300,5
13,46.28,46.95,44,44.87,96892000,5
14,45.66,48.15,45.39,46.38,85750200,5
15,47,48.1,45.66,45.66,83662000,5
16,46.18,48.45,45.02,47.2,84529500,5
17,44.57,48.24,44.52,47,115418200,5
18,43.81,46.6,43.45,44.75,82399500,5
19,40.55,43.3,38.64,43,190523900,5
20,39.99,42.1,36.42,40.7,167760700,5
21,41.86,42.24,40.05,40.5,148041100,5
TIMEZONE_OFFSET=-240
a986587200,41.17,42.65,39.04,41.52,122117800,5
a987105600,44.7,44.7,41.22,41.44,80110400,5
a987796800,48.1,48.55,43.91,44.53,113360600,5
1,49.95,50,45.89,47.75,89371800,5
2,49.93,50.01,47.51,49.99,84743400,5
3,49.01,50.4,48.51,49.93,74539900,5
4,52.99,52.99,48.79,49.01,88726300,5
5,49.95,53.55,49.55,52.99,77529600,5
6,49,50.55,48,50.39,13436900,5
7,48.14,49.62,47.79,49.1,69851000,5
8,48.81,50.21,46.26,47.85,189569100,5
9,51.86,52.43,48.54,49,128255500,5
10,49,52.61,47.39,51.7,158432300,5
11,46.89,50.2,46.6,48.92,23443700,5
12,47.45,47.75,44.3,46.9,100749500,5
13,46.63,47.5,45.39,47.15,73679500,5
14,44.65,46.62,43.15,46.5,106447900,5
15,42.75,44.9,41.9,44.55,103918000,5
16,42.57,42.98,41.26,42.4,87184100,5
17,40.8,43.11,40.35,42.5,15667600,5
18,41.99,42.26,40.29,41,13488500,5
19,40.98,42.56,39.84,42,77438800,5
20,39.66,42.17,39.34,40.9,80885000,5
a1000152000,39.35,40.16,38.95,39.01,24057700,5
a1001102400,31.3,37.2,28.5,35.5,304828000,5
1,37.2,38.85,32.75,33.75,193835700,5
2,37.45,38.8,35.5,37.3,121494500,5
3,39,39.49,36.25,36.75,93563700,5
4,37.25,39.25,35.1,38.55,82470300,5
5,38.88,39,36.04,37.15,88486300,5
TIMEZONE_OFFSET=-300
a1004734800,37.96,38.75,36.05,38.65,77694500,5
1,40.41,40.48,38.44,38.6,78795400,5
2,40.85,41.6,38.61,39.9,17233400,5
3,41.02,41.77,40.16,41.15,45474900,5
4,38.5,41.78,38.45,41.45,88637600,5
5,37.15,38.4,36.61,38.4,133074600,5
6,37.65,38.15,36.21,37.2,115835000,5
7,41.35,41.39,37.7,37.8,30032300,5
8,40.73,41.39,40.32,41.35,46415900,5
9,40.95,41.34,39.9,40.55,68480000,5
10,38.23,40.85,37.73,40.65,16764700,5
11,38.68,38.99,37.57,38.2,109754000,5
12,38.26,39.45,37.34,39.45,74242000,5
13,36.85,38.62,34.49,38.6,162875200,5
14,37.25,37.849,34.72,35.9,163159800,5
15,37.11,38.85,36.95,37.25,92776200,5
16,38.09,38.46,36.15,36.9,84856800,5
17,39.45,39.65,38,38.05,109233000,5
18,40.6,41.84,39.471,39.8,132218500,5
19,40.19,41.44,39.91,41,113263300,5
20,37.87,40.55,36.83,40.25,149569100,5
a1017349200,37.4,38.23,37,38.12,82349300,5
a1018040400,37.1,37.8,36,37.05,92332700,5
TIMEZONE_OFFSET=-240
a1018641600,33.55,37.36,33,36.5,184207000,5
1,33.7,34.15,31.64,33.1,187452700,5
2,31.5,33.98,31.48,33.55,110270300,5
3,31.7,31.9,30.15,31.75,127766900,5
4,30.65,33.02,30.51,31.55,136466000,5
5,33.45,33.45,30.4,30.55,32578900,5
6,32.6,33.2,31.5,33,14137700,5
7,31.14,32.84,30.75,32.75,70908000,5
8,30.2,31.15,28.4,31.14,137954200,5
9,29.7,30.45,28.88,30.15,125653700,5
10,28.95,31.4,28.75,30,122429400,5
11,29.05,30.25,27.42,28.55,176661700,5
12,29.69,29.75,26.9,29.06,107237500,5
13,28.6,29.93,26.4,29.7,177473500,5
14,26.52,28.64,25.25,28.35,174534900,5
15,27.8,27.88,23.02,26.1,226594600,5
16,29.5,32.29,28.49,28.49,204588700,5
17,32.4,32.55,28.27,29.12,150885600,5
18,31.55,32.41,29.8,31.83,133818000,5
19,32.25,34.95,31.5,31.55,16280000,5
20,30.15,32.75,29.989,32.35,99789800,5
21,28.3,30,27.94,30,98093600,5
22,27.05,29.7,26.95,28.15,36261100,5
23,26.75,28.94,26.02,27.1,130096000,5
24,24.47,28.016,24.34,26.35,193052000,5
25,24.01,26.2,23.51,23.75,177178000,5
26,24.21,24.91,21.4,24.02,247472400,5
27,26.65,26.95,23.898,23.9,141612000,5
28,26.24,27.21,25.65,26.2,125380600,5
TIMEZONE_OFFSET=-300
a1036184400,25.95,26.9,24.9,26.72,126605900,5
1,25.1,27.05,24.63,26.59,123952700,5
2,23.86,25.15,23.462,25.05,144533400,5
3,26.45,26.89,23.2,23.9,181650900,5
4,27.1,27.49,26.165,26.39,84144700,5
5,26.05,27.98,25.21,27.47,101299200,5
6,25.5,26.72,25.25,25.61,88586200,5
7,25.95,26.65,25.1,25.6,107373000,5
8,24.7,26,24.54,25.55,60622600,5
9,25.4,25.6,24.1,24.85,79144000,4
10,25.65,26.26,25.35,25.35,100207000,5
11,24.88,25.98,24.3,25.99,108241500,5
12,23.06,25.03,23.01,24.77,92149900,4
13,23.14,23.76,22.45,22.9,124552100,5
14,22.7,23.75,22.46,23.35,108158900,5
15,22.48,22.82,21.3,22.7,112772600,5
16,23.8,24.01,22.54,22.55,88985700,6
17,24.05,24.2,22.9,24.15,114334000,5
18,24.3,24.5,23.24,24.23,108124000,5
19,25.65,25.67,23.16,24.2,133055000,5
20,28,28,24.75,25.23,149413300,5
21,26.03,27.95,25.94,26.85,108748000,5
22,27.63,27.9,25.32,25.36,118994100,5
TIMEZONE_OFFSET=-240
a1050091200,27.36,28.69,26.9,28.5,105506200,5
a1050609600,28.49,28.53,27.27,27.45,69255100,5
a1051300800,29.11,29.5,27.47,28.5,91118500,5
1,29.08,29.78,27.5,28.7,103969500,5
2,29,29.34,28.08,29.15,84566400,5
3,27.85,29.07,27.85,28.88,93395800,5
4,27.64,27.992,27.35,27.8,82479900,5
5,28.7,28.95,27.42,27.5,84130100,4
6,30.3,30.52,28.75,28.83,101269900,5
7,30.65,31.2,30.04,30.3,82388500,5
8,30.01,31.66,29.61,30.65,131437400,5
9,28.62,30.265,28.53,29.94,86868900,5
a1057262400,28.55,28.99,28.08,28.9,74261300,5
a1057953600,28.12,29.5,27.985,28.8,120428300,5
1,27.78,28.74,26.9,28.5,112840300,5
2,28.43,28.49,27,27.78,96152200,5
3,28.46,28.98,27.7,28.5,94905500,5
4,28.08,28.6,27.18,28.51,72348100,5
5,28.78,28.975,27.85,28.05,74876700,5
6,29.88,30.39,28.2,29,107964200,5
7,29.57,29.95,28.59,29.78,64459000,5
8,31.04,31.35,29.575,29.7,96228400,4
9,31.53,31.65,30.6,31.1,86287200,5
10,31.93,32.42,31.23,31.5,76768800,5
11,29.87,31.9,29.31,31.67,73250900,5
12,30.82,31.3,29.62,30.15,94556100,5
13,29.32,31.99,29.2,30.99,93344500,5
14,28.55,29.97,28.42,29.55,95688300,5
15,28.3,29,28,28.8,68339300,5
TIMEZONE_OFFSET=-300
a1067634000,29.01,29.25,28.13,28.32,73337200,5
1,28.12,29.26,28.06,29,72283582,5
2,27.88,29.31,27.85,28.18,81262500,5
3,28.56,29.95,27.37,27.76,134465500,5
a1070042400,28.67,29.13,28.53,28.75,39831300,4
a1070658000,29.1,29.7,28.78,29,82826500,5
1,30.11,30.45,29.15,29.25,83258900,5
2,30.89,31,30.11,31,99428500,5
3,30.72,31.29,30.7,30.8,42615400,4
4,31.12,31.58,30.52,30.81,51815800,4
5,31.8,32.25,31.11,31.25,78650500,5
6,33.35,33.47,31.36,31.9,115540700,5
7,33.21,34.039,33.03,33.71,64137000,4
8,33.63,34.57,33.415,33.14,85925800,5
9,33.18,33.99,32.9,33.74,73589400,5
10,32.72,33.35,32.35,33.45,77591200,5
11,32.7,33.24,32.5,33,47781300,4
12,32.52,33.66,32.52,32.9,75842100,5
13,32.77,33.48,32.41,32.67,68009600,5
14,30.6,32.5,30.42,32.49,154242700,5
15,30.14,30.94,30.1,30.61,125316800,5
16,30.1,30.9,28.88,29.95,232424000,5
17,31.06,31.15,30.31,30.58,211454500,5
TIMEZONE_OFFSET=-240
a1081454400,31.41,31.83,30.97,31,132566100,5
a1082145600,31.23,31.74,30.15,31.55,111477200,5
1,30.69,31.2,30.04,31.18,87999600,5
2,29.95,31.04,29.8,30.85,94012600,5
3,30,30.71,29.62,30.12,72387800,5
4,30.16,30.45,29.55,29.75,92231700,5
5,30.65,30.9,29.683,29.7,88293100,5
6,31.12,31.44,30.56,30.94,78774500,5
7,31.23,31.36,30.82,31,70169700,4
a1086897600,31.49,31.7,31.15,31.48,74795300,5
a1087588800,32.58,32.69,30.56,31.35,153018900,5
1,32.18,33.49,32.18,32.58,206141400,5
2,31.67,32.83,31.64,32.8,133893200,5
3,32.17,32.25,31.5,31.6,85767800,4
4,33.09,33.62,32.01,32.22,131730900,5
5,32.52,33.45,32.12,33.3,91924200,5
6,33.25,33.46,32.02,32.67,90449700,5
7,31.52,33.35,31.42,32.65,86912200,5
8,31.89,32.24,31.49,31.53,74295500,5
9,32.65,32.8,31.82,31.87,76527500,5
10,32.77,32.99,32.41,32.68,61991400,5
11,32.84,33.16,32.31,32.63,64348800,5
12,33.88,34.03,33.03,33.05,88196600,4
13,34.22,34.24,33.49,33.88,81850400,5
14,33.41,34.53,33.21,34.3,83609700,5
15,33.97,33.99,33.01,33.31,82850300,5
16,33.74,34.4,33.5,34.15,74522300,5
17,33.55,34.28,33.4,33.91,63848400,5
18,32.95,34.1,32.74,33.4,81166900,5
19,34.12,34.15,32.65,32.57,84143400,5
TIMEZONE_OFFSET=-300
a1099688400,35.19,35.4,33.81,34.1,94921700,5
1,36.25,36.25,34.92,35.09,79494000,5
2,36.27,36.86,35.85,36.25,83639400,5
a1101492000,35.44,36.27,35.44,36.25,61078200,4
a1102107600,35.83,36.09,35.12,35.57,97684900,5
1,36.69,36.81,35.2728,35.65,94797700,5
2,36.75,37.75,36.26,36.85,134003900,5
a1103835600,36.77,37.24,36.66,36.92,61519500,5
a1104526800,36.5,36.94,36.4,36.85,57724300,5
1,36,36.89,35.85,36.71,94193200,6
2,35.52,36.14,35.1,35.88,89692400,5
3,35.13,35.98,35.07,35.28,78992300,4
4,35.75,36.1,34.95,35.22,103136900,5
5,36.25,36.38,35.89,35.95,81008400,5
6,36.23,36.53,35.87,36.05,79895600,5
7,35.88,36.61,35.69,36.23,79642100,5
8,35.62,35.91,35.05,35.59,71858200,4
9,36.12,36.23,35.06,35.42,92086300,5
10,35.82,36.28,35.7,36.12,68677300,5
11,35.88,36.48,35.27,35.8,110808000,5
a1111698000,35.73,36.19,35.38,35.73,75778400,5
a1112389200,35.47,36.22,35.43,35.9,89715500,5
TIMEZONE_OFFSET=-240
a1112990400,35.74,35.96,35.02,35.52,82215600,5
1,35.75,36.49,35.4,35.8,119095800,5
2,36.1,36.38,35.35,35.75,110726500,5
3,36.2,36.6,35.61,36.35,98488500,5
4,35.85,36.34,35.73,36.08,91419600,5
5,35.7,36.31,35.56,35.84,82641200,5
6,37,37.07,35.8,35.85,84685400,5
7,36.88,37.34,36.76,36.83,60288300,5
8,36.7,37.01,36.46,36.88,68097900,4
9,36.63,37.13,36.36,36.65,67670000,5
10,36.5,36.86,36.06,36.62,99080000,5
11,34.78,36.41,34.15,36.32,180711800,5
12,34.74,35.38,34.55,34.72,127576800,5
13,34.99,35.12,33.93,34.63,109226700,4
14,35.53,35.78,34.95,35.19,129338100,5
15,35.07,35.49,34.87,35.38,89451500,5
16,34.5,35.2,34.49,35.2,87219900,5
17,33.81,34.62,33.75,34.57,93913900,5
18,34.25,34.56,33.7,33.85,91003300,5
19,33.95,34.381,33.86,34.12,73722900,5
20,33.38,34.24,33.31,34.07,82533000,5
21,33.33,33.68,32.85,33.17,119689000,5
22,33.98,34.23,33.45,33.45,86735200,4
23,34.47,34.58,33.99,34,121091000,5
24,33.4,34.3296,33.16,34.3,102141600,5
25,33.67,33.84,33.08,33.58,101457800,5
26,34.22,34.3,32.67,33.6,136580800,5
27,34.34,34.48,33.58,34.23,102311900,5
28,33.73,34.5,33.65,34.21,110038400,5
29,34.05,34.2,33.41,33.76,97936500,5
TIMEZONE_OFFSET=-300
a1131138000,34.02,34.15,33.51,34,105332700,5
1,34.65,34.78,33.71,34.1,90471100,5
2,35.75,35.8,34.29,34.66,120966000,5
a1132941600,36.2,36.34,35.6532,35.76,86588100,4
a1133557200,35.5,36.23,35.26,36.2,113137100,5
1,35.53,36.1,35.27,35.42,118227800,5
2,36.06,36.26,35.35,35.66,129787900,5
3,35.42,36.25,35.17,36,93119200,5
4,35.05,35.6,34.95,35.57,68068400,4
5,35.47,35.53,34.8,35.1,98184400,4
6,35.1,35.55,34.8,35.4,103536700,5
7,33.37,35.63,33.22,35.63,153795500,4
8,32.95,33.67,32.65,33.53,228859400,5
9,32.85,33.29,32.63,32.9,169454400,5
10,33.28,33.37,32.21,32.85,139605500,5
11,33.61,33.61,33.04,33.2,117349400,5
12,33.14,33.75,33.02,33.61,86062500,4
13,33.06,33.35,32.58,33.22,122283400,5
14,33.65,33.68,32.95,33.06,118223000,5
15,34.51,34.76,33.43,33.66,147806800,5
16,33.95,34.7,33.89,34.54,87384700,5
17,34.78,35,33.49,33.87,144809000,5
TIMEZONE_OFFSET=-240
a1144440000,34.03,34.99,34.01,34.79,107368300,5
a1144958400,33.89,34.53,33.61,34.06,109811900,5
a1145649600,33.97,34.32,33.07,33.76,147996400,5
1,34.59,34.78,33.8,33.81,112286900,5
2,35.16,35.22,34.1,34.02,104356700,5
3,34.28,35.24,34.13,35.1,99960200,5
4,34.16,34.92,33.95,34.1,126146000,5
5,34.33,34.53,33.7,34.05,119381700,5
6,34.66,34.81,33.97,34.34,93225800,4
7,34.07,34.92,33.92,34.55,138091700,5
8,33.93,34.27,33.6,34.17,139558000,5
9,33.16,33.95,33.11,33.95,125309200,5
10,32.96,33.37,32.78,33.18,130586500,5
11,33.3,33.62,33.09,33.1,77963700,4
12,32.11,33.46,32.06,33.3,140428700,5
13,32.25,33.04,32.08,32.08,125302700,5
14,33.02,33.23,32.29,32.48,108849800,5
15,32.8,32.99,32.42,32.8,91556900,5
16,32.5,32.83,32.2,32.68,96899400,5
17,34,34,32.63,32.71,103797800,5
18,33.84,34.19,33.6,34,73038500,5
19,34.14,34.44,33.7,33.7,84253600,5
20,34.01,34.15,33.83,34.08,80858900,4
21,34.85,35,33.76,33.85,124785000,5
22,34.4,35.07,34.25,34.65,110226000,5
23,35.3,35.65,34.33,34.33,124882600,5
24,36.14,36.48,35.28,35.4,129559000,5
25,35.98,36.4,35.47,36.14,127276500,5
26,35.47,35.84,35.14,35.73,137749900,5
27,35.21,35.79,35.17,35.28,119685800,5
TIMEZONE_OFFSET=-300
a1162587600,34.77,35.41,34.62,35.22,109858400,5
1,35.17,35.75,34.9,35.02,105837100,5
2,36.25,36.27,35.18,35.28,126578600,5
a1164391200,35.69,36.28,35.69,36.17,71215800,4
a1165006800,35.28,35.75,34.96,35.57,115401200,5
1,35.27,35.5,35,35.43,137374300,5
2,37.36,37.51,35.05,35.24,256669500,5
3,37.57,38.49,37.41,37.45,159202500,5
4,37.21,38.03,37.16,37.6,70153800,4
5,37.56,38.15,37.31,37.41,101558000,3
6,37.89,38,37.25,37.45,129097100,5
7,36.95,38.28,36.85,38,166109700,4
8,36.07,37.33,36.01,37.13,149993600,5
9,36.27,36.4,35.76,36.07,167258400,5
10,35.53,36.48,35.48,36.27,133794500,5
11,35.87,36.59,35.55,35.53,133558737,5
12,35.1,36.13,35.09,35.86,134048700,4
13,34.87,36.84,34.32,35.4,239625557,5
14,34.32,34.97,34.22,34.74,169267659,5
TIMEZONE_OFFSET=-240
a1174075200,34.36,34.84,33.9,34.35,190324137,5
1,35.82,35.91,34.43,34.5,174399261,5
2,35.36,36,35,35.85,162419640,5
a1175803200,35.02,35.6,34.94,35.36,117271211,5
a1176494400,35.38,35.6,34.75,35.1,152697416,5
1,35.13,35.6,34.9,35.5,209008711,5
2,36.84,37.22,34.55,35.13,255540386,5
3,37.15,37.56,36.61,36.9,193336878,5
4,36.97,37.43,36.7,37.23,124850876,5
5,36.96,37.27,36.45,37,147590912,5
6,37.56,37.81,37,37.31,161224297,5
7,37.45,37.79,37.14,37.61,126396121,4
8,37.32,38.02,36.65,37.79,179051606,5
9,38.12,38.16,37.05,37.07,174202624,5
10,38.24,39.77,37.91,38.18,279779174,5
11,38.28,38.7,37.64,38.33,214125936,5
12,38.48,38.79,38.02,38.42,107273804,4
13,39.5,40.17,37.73,38.56,224492787,5
14,40.12,40.95,39.54,39.6,227366489,5
15,38.79,40.98,38.79,40.3,232990818,5
16,38.06,39.75,38.06,39.03,221020554,5
17,38.23,40.46,37.19,38.23,291421926,5
18,38.45,38.8,36.2,38.57,268554349,5
19,39.41,39.47,37.75,38.49,181915165,5
20,38.87,39.26,38.05,39.26,162443560,5
21,38.75,39.45,38.45,38.84,155232639,4
22,40.35,40.8,38.51,38.8,194815088,5
23,41.25,42.07,40.04,40.08,191092399,5
24,41.4,41.53,40.56,41.25,140309375,5
25,41.77,42.15,41.28,41.28,127306030,5
26,41.03,42.09,40.12,41.74,134423452,5
27,40.04,41.14,39.87,40.9,208120152,5
28,40.38,40.59,39.4,39.84,166204028,5
29,40.33,41.22,39.97,40.47,161864725,5
TIMEZONE_OFFSET=-300
a1194642000,38.38,40.54,37.5,39.95,214210908,5
1,38.65,39.95,37.87,38.24,210535446,5
a1195840800,37.67,38.61,36.94,38.48,166707650,4
a1196456400,38.29,38.67,36.52,37.75,228302116,5
1,37.23,38.2,36.07,38.2,253038403,5
2,36.91,38.14,36.15,37.26,240477604,5
3,37.14,37.6,36.22,36.82,232430339,5
4,37.34,37.77,37.06,37.4,84735304,4
5,36.04,37.45,35.98,37.3,130755828,4
6,35.17,36.5,34.98,36.21,232634797,5
7,34.31,35.76,32.92,35.76,323576482,5
8,34,35.09,33.19,33.2,259961933,4
9,36.16,36.48,34.14,34.31,237023707,5
10,33.84,36.25,33.54,36.17,229566647,5
11,34.37,35.1001,33.549,33.94,194551010,5
12,33.55,34.87,33.15,34.56,164000411,4
13,33.14,34.28,33.09,33.55,203564083,5
14,32.23,33.95,32.01,33.34,232205238,5
TIMEZONE_OFFSET=-240
a1205524800,33.82,34.57,31.65,32.44,332119181,5
a1206043200,37.49,37.742,32.83,32.99,345383132,5
a1206734400,36.61,37.67,36.51,37.63,208244007,5
1,37.56,38.52,36.54,36.58,191559605,5
2,32.05,37.9,31.81,37.87,521768418,5
3,32.69,32.97,31.55,32.38,375592929,5
4,33.33,33.39,32.2,32.7,212307053,5
5,33.34,33.66,32.6,33.47,200808494,5
6,32.27,33.36,32.14,33.36,181398948,5
7,32.13,32.72,31.97,32.33,214345726,5
8,30.43,32.7,30.35,32.13,338740592,5
9,30.72,30.98,30.21,30.42,242738685,4
10,30.02,31.14,30,30.75,273184242,5
11,29.15,30.74,28.49,30.23,386711992,5
12,27.38,29.25,27.268,28.69,384575793,5
13,26.26,28.64,26.15,27.59,379075896,5
a1215104400,26.91,27.26,26.3,26.35,267352599,5
a1215806400,27.66,28.34,26.84,27.1,422746739,5
1,28,28.42,25.6,28.13,365439919,5
2,28.71,29.89,27.6,28.12,301356662,5
3,28.21,29.35,27.65,28.7,242721263,5
4,29.64,29.74,27.76,28.14,230563909,5
5,29.8,30.39,29.01,29.62,201768690,5
6,29.12,30.31,28.09,29.97,192276612,5
7,28.1,29.04,27.98,29.04,206595781,5
8,27.88,29.15,27.39,28.54,208459661,4
9,26.75,29.28,26.33,28.88,449571082,5
10,26.62,29.2,22.16,24.82,1004691639,5
11,25.25,27.48,23.5,27.38,333147442,5
12,21.57,26.05,21.49,25.12,1069478629,5
13,21.5,22.65,18.4,20.54,913964749,5
14,19.63,22.39,18.31,22.27,685821912,5
15,17.83,21.03,17.27,20.26,598088796,5
16,19.51,20,17.52,18.04,581108578,5
TIMEZONE_OFFSET=-300
a1226091600,18.86,21.04,18,19.78,467265219,5
1,16.02,19.39,14.58,19.34,792582157,5
2,14.03,16.5,12.58,15.95,821822015,5
a1227895200,17.17,17.19,14.26,14.63,423426051,4
a1228510800,17.85,18.3,15.42,16.36,700300850,5
1,17.11,19.3,16.4,18.42,72101592,5
2,16.5,18.13,15.77,16.95,575105983,5
3,15.97,16.63,15.75,16.56,190901481,4
4,17.07,17.07,15.35,15.95,231805085,4
5,16,17.24,15.72,17.17,329913530,5
6,13.96,16.2,13.06,15.965,565034235,5
7,12.03,14.09,11.87,13.95,744304435,4
8,12.13,13.75,12.01,12.48,550510824,5
9,11.1,12.03,10.66,12.03,783298659,5
10,11.44,12.9,11.12,11.34,86594997,5
11,9.38,11.2,8.98,11.2,710930295,4
12,8.51,9.75,8.4,9.58,1153381920,5
13,7.06,8.3,5.7279,8.29,2227920623,5
TIMEZONE_OFFSET=-240
a1236974400,9.62,9.98,6.88,6.95,1456703852,5
1,9.54,11.35,9.26,9.97,252823603,5
2,10.78,11.09,9.78,10.28,884677078,5
3,10.94,11.17,9.78,10.33,671288756,5
a1239336000,11.33,11.63,10.41,10.85,485389172,4
a1239998400,12.39,12.73,11.14,11.44,850296184,5
1,12.11,12.48,10.85,12,589514314,5
2,12.69,12.85,11.78,12.13,460604825,5
3,14.53,14.55,12.81,12.96,621981338,5
4,12.86,14.42,12.5,14.38,491858378,5
5,13.1,14.38,13.02,13.11,442015025,5
6,13.48,13.61,12.22,13.02,370810094,4
7,13.54,13.99,13.3,13.82,354885217,5
8,13.51,13.77,13.12,13.5,323629877,5
9,12.1,13.36,11.46,13.36,124480951,5
10,11.75,12.03,11.25,11.86,415944619,5
a1246593600,11.46,11.94,11.46,11.82,0,4
a1247256000,10.78,11.54,10.5,11.37,456113717,5
1,11.65,12.5,10.87,10.88,538953760,5
2,12.03,12.08,11.25,11.71,435854442,5
3,13.4,13.45,12.03,12.17,541003101,5
4,14.7,14.88,13.39,13.65,529115555,5
5,13.92,14.83,13.68,14.62,430243311,5
6,14.21,14.2817,13.16,13.35,356276372,5
7,14.08,14.5001,13.95,14.36,367059770,5
8,13.87,13.9796,13.03,13.94,77231239,5
9,14.67,15.03,14.36,14.52,101219050,4
10,16.5,17.52,14.4,14.55,995541338,5
11,16.37,17.5,16.06,16.43,566584220,5
12,15.36,17.09,15.15,16.47,521914063,5
13,16.18,16.55,15.51,15.59,378484844,5
14,16.08,16.87,15.85,16.36,496503260,5
15,15.2,16.13,15.11,16.05,510224590,5
16,14.26,15.45,14.15,15.24,504509914,5
TIMEZONE_OFFSET=-300
a1257541200,15.33,15.49,14.15,14.3,494133575,5
1,15.66,15.99,15.48,15.7,378920103,5
2,15.59,16.19,15.45,15.8,331542381,5
a1259344800,15.94,16.25,15.3,15.83,60917551,4
a1259960400,16.2,16.49,15.81,15.82,396494127,5
1,15.92,16.24,15.52,16.07,314196711,5
2,15.59,16.07,15.55,15.98,79202456,5
a1261717200,15.44,15.79,15.31,15.69,162233542,4
1,15.13,15.53,15.13,15.38,183620492,4
a1262984400,16.6,16.69,15.15,15.22,487679997,5
1,16.44,16.92,16.35,16.83,338144931,5
2,16.11,16.76,15.95,16.35,387021716,4
3,16.08,16.7,16.01,16.46,390361894,5
4,15.79,17.03,15.25,16.2,497089864,5
5,15.55,15.89,15.35,15.83,379844146,5
6,16.17,16.29,15.68,15.7,242538195,4
7,16.06,16.34,15.71,16.23,60564391,5
8,16.35,16.37,15.83,16.1,311548389,5
9,17.04,17.06,16.24,16.37,382996385,5
TIMEZONE_OFFSET=-240
a1269028800,18.07,18.4,16.94,17.02,710345715,5
1,18.34,18.94,17.8,17.86,478833868,5
a1270180800,18.33,18.56,18.13,18.52,241784086,4
a1270843200,18.52,18.75,18.25,18.42,285660376,5
1,18.97,19.69,18.54,18.56,521750824,5
2,19.07,19.2,18.61,18.64,325073234,5
3,18.86,19.7,18.59,19.19,442550230,5
4,16.88,19.34,15,18.97,608866058,5
5,17.64,18.5,17.41,18.04,437630429,5
6,16.42,17.87,15.65,17.61,594125015,5
7,16.35,16.69,15.25,16.315,420194701,5
8,15.71,16.51,15.56,16.24,302246189,4
9,15.56,15.87,15.05,15.73,378913686,5
10,15.95,16.09,15.35,15.77,357847398,5
11,14.91,16.45,14.82,16.21,464323277,5
12,13.88,15.205,13.75,14.96,442574224,5
13,14.95,15.17,13.81,14.11,46094126,4
14,14.55,15.35,14.5,14.9,346720531,5
15,15.71,15.85,14.36,14.64,358421161,5
16,16.12,16.57,15.7,15.91,60268043,5
17,16.45,16.54,16.09,16.32,274181082,5
18,15.38,16.46,15.34,16.42,270212983,5
19,15.03,15.74,14.89,15.29,65408590,5
20,14.71,15.27,14.25,15.22,326815199,5
21,15.3925,15.56,14.31,14.67,292668525,5
22,15.98,16.08,15.21,15.28,237579447,4
23,16.29,16.47,15.97,16.19,292599888,5
24,16.66,16.7,16.05,16.27,286057781,5
25,16.36,16.69,16.14,16.65,48433357,5
26,17.12,17.29,16,16.31,292593092,5
27,16.3,17.49,16.15,17.24,440902497,5
28,16.055,16.37,15.88,16.31,302169441,5
29,16.02,16.32,15.98,16.26,38174397,5
30,16.73,16.86,15.88,16.09,326196919,5
TIMEZONE_OFFSET=-300
a1289595600,16.25,16.84,16.11,16.62,242386840,5
1,16.22,16.43,15.76,16.23,248952155,5
2,15.8,16.14,15.63,16.14,181591945,4
3,16.78,16.8,15.68,15.73,310390863,5
4,17.72,17.88,16.63,16.7,367767693,5
5,17.7,17.9,17.37,17.89,65250598,5
a1293138000,18.04,18.15,17.65,17.77,156351547,5
a1293829200,18.29,18.49,17.92,17.92,27077170,5
1,18.43,18.72,18.12,18.49,280146510,5
2,18.8175,18.84,18.46,18.61,257861855,5
3,19.74,19.97,18.17,18.98,449508777,4
4,20.2,20.74,19.74,19.93,437317986,5
5,20.56,20.96,20.1,20.13,246591055,5
6,21.33,21.44,20.73,20.77,252254376,5
7,21.44,21.65,21.24,21.51,204178995,5
8,20.82,21.21,20.08,20.88,268500170,4
9,20.37,21.17,20.16,20.95,261175412,5
10,20.36,20.79,19.94,20.4,303566341,5
TIMEZONE_OFFSET=-240
a1300478400,19.25,20.09,18.6,19.96,520496093,5
1,19.75,19.93,19.25,19.68,227819072,5
2,20.34,20.5,19.53,19.81,207897262,5
3,20.19,20.75,20.07,20.73,238618636,5
4,20.04,20.37,19.6,20.24,212315926,5
a1303416000,19.95,20.8,19.51,19.77,304551102,5
a1304107200,20.45,20.85,19.89,20.14,41510013,5
1,20.01,20.71,19.81,20.7,235180053,5
2,19.89,20.42,19.76,19.97,195448891,5
3,19.62,20.05,19.41,19.85,228297982,5
4,19.44,19.58,18.97,19.32,199639244,5
5,18.82,19.72,18.75,19.68,207576381,4
6,18.32,18.8,18.14,18.71,260898990,5
7,18.49,18.905,18.2,18.31,261979707,5
8,17.97,18.94,17.97,18.34,80830864,5
9,19.2,19.26,18,18.01,224870496,5
10,18.99,19.45,18.85,19.22,173122218,4
11,18.41,18.83,18.29,18.72,50543068,5
12,19.04,19.53,18.16,18.33,283105882,5
13,17.91,19.14,17.78,18.97,309179509,5
14,16.51,18.42,16.1,18.39,504567500,5
15,15.88,16.13,14.82,15.67,612024263,5
16,15.09,20,15.03,16.17,373576172,5
17,15.54,16.05,15.05,15.55,335151428,5
18,15.76,16.49,15.55,15.79,282177403,5
19,15.09,15.85,15,15.25,420077290,4
20,16.33,16.4,14.72,15.01,500978725,5
21,15.21,16.45,14.82,15.98,65518622,5
22,15.22,16.07,15.07,15.4,368776201,5
23,15.5,15.74,14.02,15.1,414749527,5
24,16.6,16.65,15.76,15.79,255261587,5
25,16.31,16.98,16.13,16.49,333056129,5
26,17.25,17.5,16.05,16.37,384315591,5
27,16.39,17.01,15.97,16.98,41678462,5
TIMEZONE_OFFSET=-300
a1321045200,16.3,16.49,15.75,16.37,283267084,5
1,15.65,16.32,15.5,16.22,247195356,5
2,14.7,15.49,14.7,15.48,232322017,4
3,16.09,16.3,14.68,15.23,383352969,5
4,16.84,16.98,16.18,16.35,375400363,5
5,17.01,17.09,16.3,16.71,500298410,5
6,18.23,18.28,16.79,16.97,350786830,5
7,17.91,18.2,17.72,18.18,156207362,4
8,18.65,18.79,18.23,18.23,51077228,4
9,18.84,19.05,18.5,18.74,235210034,5
10,19.15,19.1976,18.56,18.99,92432222,4
11,19.03,19.27,18.75,19.09,216682558,5
12,19.02,19.1,18.69,18.83,218718161,5
13,18.875,19.35,18.77,18.99,266206643,5
14,19.28,19.32,18.7,19.03,283572932,5
15,19.24,19.5,19,19.42,152374465,4
16,18.97,19.307,18.9,19.02,190798270,5
17,19.04,19.18,18.32,18.95,219749207,5
TIMEZONE_OFFSET=-240
a1331928000,20.2,20.3,19.04,19.09,326210399,5
1,19.78,20.36,19.69,20.08,226343962,5
2,20.07,21,19.71,19.98,218380034,5
a1333656000,19.49,20.11,19.46,20.03,171635887,5
a1334347200,18.88,19.32,18.7,19.1,40319656,5
1,19.36,19.64,18.85,18.98,219036538,5
2,19.78,19.87,18.94,19.06,218779752,5
3,19.34,19.95,19.25,19.68,160573866,5
4,19.01,19.48,18.74,19.15,199387058,5
5,18.95,19.26,18.32,18.82,292890687,5
6,19.2,19.42,18.75,18.99,218038153,5
7,18.54,19.43,18.4077,19.29,187503234,4
8,19.2,19.25,18.02,18.44,395224877,5
9,20,20,19.07,19.35,260923219,5
10,19.81,20.15,19.46,19.88,244235582,5
11,20.84,20.84,19.29,19.48,287102141,5
12,20,20.82,19.95,20.74,168273639,4
13,19.77,20.07,19.36,19.99,32421444,5
14,19.87,20.37,19.43,19.51,285016363,5
15,20.92,21,19.52,19.56,296560812,5
16,20.96,21,20.2,20.79,200969872,5
17,21.1,21.19,20.9,20.97,153214601,5
18,21,21.14,20.79,21.04,149481384,5
19,20.8,21.05,20.55,20.95,29340529,5
20,20.71,20.95,20.61,20.82,125547740,5
21,21.59,21.59,20.48,20.63,160771546,4
22,22.11,22.37,21.4,21.48,322264787,5
23,22.53,22.69,21.9,21.93,268851439,5
24,22.71,22.96,22.07,22.4,263218423,5
25,23.12,23.18,22.71,22.725,199455254,5
26,22.48,22.99,22.41,22.87,32957738,5
27,22.03,23.08,21.87,22.54,244557164,5
28,21.11,21.95,21.03,21.86,273944334,5
29,21.31,21.68,20.97,21.26,132897735,3
TIMEZONE_OFFSET=-300
a1352494800,21,21.775,20.7,21.2,189071690,5
1,20.15,21.14,19.87,21.04,225510718,5
2,21.04,21.04,20.37,20.41,141606715,4
3,21.13,21.36,20.5,20.88,181036980,5
4,21.46,21.48,20.71,21.18,179595203,5
5,21.62,21.95,21.36,21.43,197300068,5
6,20.88,21.95,20.56,21.69,353625453,5
7,20.44,20.96,20.4192,20.79,114484643,4
8,21.2,21.54,20.26,20.29,183205554,4
9,21.13,21.24,20.6813,21.16,176535345,5
10,22.04,22.19,21.01,21.18,274159885,5
11,22.29,22.31,21.75,22.18,191314689,4
12,22.62,22.64,22.18,22.44,198209813,5
13,22.5,22.62,22.27,22.41,172502347,5
14,23.29,23.55,22.35,22.49,232275046,5
15,23.39,23.75,23.12,23.42,154998866,4
16,23.19,23.53,22.81,23.5,203598111,5
17,23.77,23.9,23.03,23.15,144662516,5
TIMEZONE_OFFSET=-240
a1363377600,23.44,23.76,23.33,23.69,189221564,5
1,23.37,23.8,23.13,23.17,178263490,5
a1364500800,23.12,23.48,22.85,23.45,132696624,5
a1365192000,22.93,23.4,22.76,23.03,171112978,5
1,23.46,23.72,22.83,23.03,156268516,5
2,21.75,23.3,21.61,23.28,275252301,5
3,22.21,22.4,21.11,21.67,293672493,5
4,22.57,22.85,22,22.31,183003997,5
5,22.9,23.1,22.32,22.56,161853818,5
6,23.46,23.48,22.62,22.86,184122982,5
7,23.53,24.13,23.425,23.46,220468506,5
8,23.32,23.835,23.3125,23.77,165176929,4
9,23.86,23.95,23.1,23.37,220426015,5
10,23.52,23.92,23.34,23.88,174104002,5
11,23.36,24.45,23.2,23.75,285944811,5
12,23.19,23.48,22.76,23.12,194744745,5
13,23.24,23.64,22.76,23.21,127541219,4
14,23.76,24,23.27,23.36,161426831,5
15,24.72,24.95,23.34,23.73,246065307,5
16,24.65,24.92,24.5,24.77,162694080,5
17,24.7,24.867,24.36,24.53,153453646,5
18,24.25,24.6,24.085,24.57,112000769,5
19,23.95,24.3,23.86,24.14,160186315,5
20,23.78,23.96,23.56,23.9,146256262,5
21,23.14,23.79,23.04,23.74,174471756,5
22,23.16,23.45,22.92,23.31,150626394,4
23,23.78,24.2,23.18,23.25,147607171,5
24,24.01,24.91,23.93,24.06,241739972,5
25,24.05,24.54,23.94,24.2,163451035,5
26,24.05,24.35,23.82,23.88,168804590,5
27,24.4,24.49,23.5,23.84,178676478,5
28,25.55,25.75,24.13,24.21,224686224,5
29,25.88,26.35,25.64,25.87,205707549,5
30,26.54,26.635,25.76,25.88,208725092,5
TIMEZONE_OFFSET=-300
a1383944400,27.05,27.19,26.26,26.59,208982442,5
1,27.2,27.43,26.75,27.02,179996825,5
2,27.08,27.5,26.76,27.28,157518510,5
3,26.66,27.17,26.63,27.14,113012311,4
